   0.0000000e+00   0.0000000e+00   0.0000000e+00   0.0000000e+00
   0.0000000e+00   0.0000000e+00   0.0000000e+00   0.0000000e+00
   0.0000000e+00   0.0000000e+00   0.0000000e+00   0.0000000e+00
   0.0000000e+00   0.0000000e+00   0.0000000e+00   0.0000000e+00
   0.0000000e+00   0.0000000e+00   0.0000000e+00   0.0000000e+00
   0.0000000e+00   0.0000000e+00   0.0000000e+00   0.0000000e+00
   0.0000000e+00   0.0000000e+00   0.0000000e+00   0.0000000e+00
   0.0000000e+00   0.0000000e+00   0.0000000e+00   0.0000000e+00
   0.0000000e+00   0.0000000e+00   0.0000000e+00   0.0000000e+00
   0.0000000e+00   0.0000000e+00   0.0000000e+00   0.0000000e+00
   0.0000000e+00   0.0000000e+00   0.0000000e+00   0.0000000e+00
   0.0000000e+00   0.0000000e+00   1.0000000e+00   0.0000000e+00
   0.0000000e+00   0.0000000e+00   1.0000000e+00   3.6785116e-03
   0.0000000e+00   0.0000000e+00   1.0000000e+00   4.6982472e-02
   0.0000000e+00   0.0000000e+00   1.0000000e+00   1.6795564e-01
   0.0000000e+00   0.0000000e+00   1.0000000e+00   3.5549035e-01
   0.0000000e+00   0.0000000e+00   1.0000000e+00   5.6600356e-01
   0.0000000e+00   0.0000000e+00   1.0000000e+00   7.5855827e-01
   0.0000000e+00   0.0000000e+00   1.0000000e+00   9.1114442e-01
   0.0000000e+00   0.0000000e+00   1.0000000e+00   1.0192553e+00
   0.0000000e+00   0.0000000e+00   1.0000000e+00   1.0882361e+00
   0.0000000e+00   0.0000000e+00   1.0000000e+00   1.1266895e+00
   0.0000000e+00   0.0000000e+00   1.0000000e+00   1.1429161e+00
   0.0000000e+00   0.0000000e+00   1.0000000e+00   1.1437266e+00
   0.0000000e+00   0.0000000e+00   1.0000000e+00   1.1344246e+00
   0.0000000e+00   0.0000000e+00   1.0000000e+00   1.1191133e+00
   0.0000000e+00   0.0000000e+00   1.0000000e+00   1.1009505e+00
   0.0000000e+00   0.0000000e+00   1.0000000e+00   1.0822885e+00
   0.0000000e+00   0.0000000e+00   1.0000000e+00   1.0647534e+00
   0.0000000e+00   0.0000000e+00   1.0000000e+00   1.0493273e+00
   0.0000000e+00   0.0000000e+00   1.0000000e+00   1.0364582e+00
   0.0000000e+00   0.0000000e+00   1.0000000e+00   1.0261951e+00
   0.0000000e+00   0.0000000e+00   1.0000000e+00   1.0183266e+00
   0.0000000e+00   0.0000000e+00   1.0000000e+00   1.0125017e+00
   0.0000000e+00   0.0000000e+00   1.0000000e+00   1.0083238e+00
   0.0000000e+00   0.0000000e+00   1.0000000e+00   1.0054121e+00
   0.0000000e+00   0.0000000e+00   0.0000000e+00   1.0034354e+00
   0.0000000e+00   0.0000000e+00   0.0000000e+00   9.9844697e-01
   0.0000000e+00   0.0000000e+00   0.0000000e+00   9.5429409e-01
   0.0000000e+00   0.0000000e+00   0.0000000e+00   8.3278200e-01
   1.0000000e+00   0.0000000e+00   0.0000000e+00   6.4491166e-01
   1.0000000e+00   3.6785116e-03   0.0000000e+00   4.3419313e-01
   1.0000000e+00   4.6982472e-02   0.0000000e+00   2.4151489e-01
   1.0000000e+00   1.6795564e-01   0.0000000e+00   8.8855582e-02
   1.0000000e+00   3.5549035e-01   0.0000000e+00  -1.9255304e-02
   1.0000000e+00   5.6600356e-01   0.0000000e+00  -8.8236122e-02
   1.0000000e+00   7.5855827e-01   0.0000000e+00  -1.2668948e-01
   1.0000000e+00   9.1114442e-01   0.0000000e+00  -1.4291607e-01
   1.0000000e+00   1.0192553e+00   0.0000000e+00  -1.4372655e-01
   1.0000000e+00   1.0882361e+00   0.0000000e+00  -1.3442464e-01
   1.0000000e+00   1.1266895e+00   0.0000000e+00  -1.1911334e-01
   1.0000000e+00   1.1429161e+00   0.0000000e+00  -1.0095050e-01
   1.0000000e+00   1.1437266e+00   0.0000000e+00  -8.2288450e-02
   1.0000000e+00   1.1344246e+00   0.0000000e+00  -6.4753445e-02
   1.0000000e+00   1.1191133e+00   0.0000000e+00  -4.9327307e-02
   1.0000000e+00   1.1009505e+00   0.0000000e+00  -3.6458167e-02
   1.0000000e+00   1.0822885e+00   0.0000000e+00  -2.6195143e-02
   1.0000000e+00   1.0647534e+00   0.0000000e+00  -1.8326559e-02
   1.0000000e+00   1.0493273e+00   0.0000000e+00  -1.2501663e-02
   1.0000000e+00   1.0364582e+00   0.0000000e+00  -8.3237883e-03
   1.0000000e+00   1.0261951e+00   0.0000000e+00  -5.4120659e-03
   1.0000000e+00   1.0183266e+00   0.0000000e+00  -3.4353820e-03
   1.0000000e+00   1.0125017e+00   0.0000000e+00  -2.1254780e-03
   1.0000000e+00   1.0083238e+00   0.0000000e+00  -1.2765624e-03
   1.0000000e+00   1.0054121e+00   0.0000000e+00  -7.3764018e-04
   0.0000000e+00   1.0034354e+00   0.0000000e+00  -4.0201117e-04
   0.0000000e+00   9.9844697e-01   0.0000000e+00  -1.9669022e-04
   0.0000000e+00   9.5429409e-01   0.0000000e+00  -7.3164098e-05
   0.0000000e+00   8.3278200e-01   0.0000000e+00   0.0000000e+00
   0.0000000e+00   6.4491166e-01   1.0000000e+00   0.0000000e+00
   0.0000000e+00   4.3419313e-01   1.0000000e+00   3.6785116e-03
   0.0000000e+00   2.4151489e-01   1.0000000e+00   4.6982472e-02
   0.0000000e+00   8.8855582e-02   1.0000000e+00   1.6795564e-01
   0.0000000e+00  -1.9255304e-02   1.0000000e+00   3.5549035e-01
   0.0000000e+00  -8.8236122e-02   1.0000000e+00   5.6600356e-01
   0.0000000e+00  -1.2668948e-01   1.0000000e+00   7.5855827e-01
   0.0000000e+00  -1.4291607e-01   1.0000000e+00   9.1114442e-01
   0.0000000e+00  -1.4372655e-01   1.0000000e+00   1.0192553e+00
   0.0000000e+00  -1.3442464e-01   1.0000000e+00   1.0882361e+00
   0.0000000e+00  -1.1911334e-01   1.0000000e+00   1.1266895e+00
   0.0000000e+00  -1.0095050e-01   1.0000000e+00   1.1429161e+00
   0.0000000e+00  -8.2288450e-02   1.0000000e+00   1.1437266e+00
   0.0000000e+00  -6.4753445e-02   1.0000000e+00   1.1344246e+00
   0.0000000e+00  -4.9327307e-02   1.0000000e+00   1.1191133e+00
   0.0000000e+00  -3.6458167e-02   1.0000000e+00   1.1009505e+00
   0.0000000e+00  -2.6195143e-02   1.0000000e+00   1.0822885e+00
   0.0000000e+00  -1.8326559e-02   1.0000000e+00   1.0647534e+00
   0.0000000e+00  -1.2501663e-02   1.0000000e+00   1.0493273e+00
   0.0000000e+00  -8.3237883e-03   1.0000000e+00   1.0364582e+00
   0.0000000e+00  -5.4120659e-03   1.0000000e+00   1.0261951e+00
   0.0000000e+00  -3.4353820e-03   1.0000000e+00   1.0183266e+00
   0.0000000e+00  -2.1254780e-03   1.0000000e+00   1.0125017e+00
   0.0000000e+00  -1.2765624e-03   1.0000000e+00   1.0083238e+00
   0.0000000e+00  -7.3764018e-04   1.0000000e+00   1.0054121e+00
   0.0000000e+00  -4.0201117e-04   0.0000000e+00   1.0034354e+00
   0.0000000e+00  -1.9669022e-04   0.0000000e+00   9.9844697e-01
   0.0000000e+00  -7.3164098e-05   0.0000000e+00   9.5429409e-01
   0.0000000e+00   0.0000000e+00   0.0000000e+00   8.3278200e-01
   0.0000000e+00   0.0000000e+00   0.0000000e+00   6.4491166e-01
   1.0000000e+00   0.0000000e+00   0.0000000e+00   4.3419313e-01
   1.0000000e+00   3.6785116e-03   0.0000000e+00   2.4151489e-01
   1.0000000e+00   4.6982472e-02   0.0000000e+00   8.8855582e-02
   1.0000000e+00   1.6795564e-01   0.0000000e+00  -1.9255304e-02
   1.0000000e+00   3.5549035e-01   0.0000000e+00  -8.8236122e-02
   1.0000000e+00   5.6600356e-01   0.0000000e+00  -1.2668948e-01
   1.0000000e+00   7.5855827e-01   0.0000000e+00  -1.4291607e-01
   1.0000000e+00   9.1114442e-01   0.0000000e+00  -1.4372655e-01
   1.0000000e+00   1.0192553e+00   0.0000000e+00  -1.3442464e-01
   1.0000000e+00   1.0882361e+00   0.0000000e+00  -1.1911334e-01
   1.0000000e+00   1.1266895e+00   0.0000000e+00  -1.0095050e-01
   1.0000000e+00   1.1429161e+00   0.0000000e+00  -8.2288450e-02
   1.0000000e+00   1.1437266e+00   0.0000000e+00  -6.4753445e-02
   1.0000000e+00   1.1344246e+00   0.0000000e+00  -4.9327307e-02
   1.0000000e+00   1.1191133e+00   0.0000000e+00  -3.6458167e-02
   1.0000000e+00   1.1009505e+00   0.0000000e+00  -2.6195143e-02
   1.0000000e+00   1.0822885e+00   0.0000000e+00  -1.8326559e-02
   1.0000000e+00   1.0647534e+00   0.0000000e+00  -1.2501663e-02
   1.0000000e+00   1.0493273e+00   0.0000000e+00  -8.3237883e-03
   1.0000000e+00   1.0364582e+00   0.0000000e+00  -5.4120659e-03
   1.0000000e+00   1.0261951e+00   0.0000000e+00  -3.4353820e-03
   1.0000000e+00   1.0183266e+00   0.0000000e+00  -2.1254780e-03
   1.0000000e+00   1.0125017e+00   0.0000000e+00  -1.2765624e-03
   1.0000000e+00   1.0083238e+00   0.0000000e+00  -7.3764018e-04
   1.0000000e+00   1.0054121e+00   0.0000000e+00  -4.0201117e-04
   0.0000000e+00   1.0034354e+00   0.0000000e+00  -1.9669022e-04
   0.0000000e+00   9.9844697e-01   0.0000000e+00  -7.3164098e-05
   0.0000000e+00   9.5429409e-01   0.0000000e+00   0.0000000e+00
   0.0000000e+00   8.3278200e-01   0.0000000e+00   0.0000000e+00
   0.0000000e+00   6.4491166e-01   1.0000000e+00   0.0000000e+00
   0.0000000e+00   4.3419313e-01   1.0000000e+00   3.6785116e-03
   0.0000000e+00   2.4151489e-01   1.0000000e+00   4.6982472e-02
   0.0000000e+00   8.8855582e-02   1.0000000e+00   1.6795564e-01
   0.0000000e+00  -1.9255304e-02   1.0000000e+00   3.5549035e-01
   0.0000000e+00  -8.8236122e-02   1.0000000e+00   5.6600356e-01
   0.0000000e+00  -1.2668948e-01   1.0000000e+00   7.5855827e-01
   0.0000000e+00  -1.4291607e-01   1.0000000e+00   9.1114442e-01
   0.0000000e+00  -1.4372655e-01   1.0000000e+00   1.0192553e+00
   0.0000000e+00  -1.3442464e-01   1.0000000e+00   1.0882361e+00
   0.0000000e+00  -1.1911334e-01   1.0000000e+00   1.1266895e+00
   0.0000000e+00  -1.0095050e-01   1.0000000e+00   1.1429161e+00
   0.0000000e+00  -8.2288450e-02   1.0000000e+00   1.1437266e+00
   0.0000000e+00  -6.4753445e-02   1.0000000e+00   1.1344246e+00
   0.0000000e+00  -4.9327307e-02   1.0000000e+00   1.1191133e+00
   0.0000000e+00  -3.6458167e-02   1.0000000e+00   1.1009505e+00
   0.0000000e+00  -2.6195143e-02   1.0000000e+00   1.0822885e+00
   0.0000000e+00  -1.8326559e-02   1.0000000e+00   1.0647534e+00
   0.0000000e+00  -1.2501663e-02   1.0000000e+00   1.0493273e+00
   0.0000000e+00  -8.3237883e-03   1.0000000e+00   1.0364582e+00
   0.0000000e+00  -5.4120659e-03   1.0000000e+00   1.0261951e+00
   0.0000000e+00  -3.4353820e-03   1.0000000e+00   1.0183266e+00
   0.0000000e+00  -2.1254780e-03   1.0000000e+00   1.0125017e+00
   0.0000000e+00  -1.2765624e-03   1.0000000e+00   1.0083238e+00
   0.0000000e+00  -7.3764018e-04   1.0000000e+00   1.0054121e+00
   0.0000000e+00  -4.0201117e-04   0.0000000e+00   1.0034354e+00
   0.0000000e+00  -1.9669022e-04   0.0000000e+00   9.9844697e-01
   0.0000000e+00  -7.3164098e-05   0.0000000e+00   9.5429409e-01
   0.0000000e+00   0.0000000e+00   0.0000000e+00   8.3278200e-01
   1.0000000e+00   0.0000000e+00   0.0000000e+00   6.4491166e-01
   1.0000000e+00   3.6785116e-03   0.0000000e+00   4.3419313e-01
   1.0000000e+00   4.6982472e-02   0.0000000e+00   2.4151489e-01
   1.0000000e+00   1.6795564e-01   0.0000000e+00   8.8855582e-02
   1.0000000e+00   3.5549035e-01   0.0000000e+00  -1.9255304e-02
   1.0000000e+00   5.6600356e-01   0.0000000e+00  -8.8236122e-02
   1.0000000e+00   7.5855827e-01   0.0000000e+00  -1.2668948e-01
   1.0000000e+00   9.1114442e-01   0.0000000e+00  -1.4291607e-01
   1.0000000e+00   1.0192553e+00   0.0000000e+00  -1.4372655e-01
   1.0000000e+00   1.0882361e+00   0.0000000e+00  -1.3442464e-01
   1.0000000e+00   1.1266895e+00   0.0000000e+00  -1.1911334e-01
   1.0000000e+00   1.1429161e+00   0.0000000e+00  -1.0095050e-01
   1.0000000e+00   1.1437266e+00   0.0000000e+00  -8.2288450e-02
   1.0000000e+00   1.1344246e+00   0.0000000e+00  -6.4753445e-02
