   0.0000000e+00   0.0000000e+00   0.0000000e+00   0.0000000e+00
   0.0000000e+00   0.0000000e+00   0.0000000e+00   0.0000000e+00
   0.0000000e+00   0.0000000e+00   0.0000000e+00   0.0000000e+00
   0.0000000e+00   0.0000000e+00   0.0000000e+00   0.0000000e+00
   0.0000000e+00   0.0000000e+00   0.0000000e+00   0.0000000e+00
   0.0000000e+00   0.0000000e+00   0.0000000e+00   0.0000000e+00
   1.0000000e+00   0.0000000e+00   0.0000000e+00   0.0000000e+00
   1.0000000e+00   3.6785116e-03   0.0000000e+00   0.0000000e+00
   1.0000000e+00   4.6982472e-02   0.0000000e+00   0.0000000e+00
   1.0000000e+00   1.6795564e-01   0.0000000e+00   0.0000000e+00
   1.0000000e+00   3.5549035e-01   0.0000000e+00   0.0000000e+00
   1.0000000e+00   5.6600356e-01   0.0000000e+00   0.0000000e+00
   1.0000000e+00   7.5855827e-01   0.0000000e+00   0.0000000e+00
   1.0000000e+00   9.1114442e-01   0.0000000e+00   0.0000000e+00
   1.0000000e+00   1.0192553e+00   0.0000000e+00   0.0000000e+00
   1.0000000e+00   1.0882361e+00   0.0000000e+00   0.0000000e+00
   1.0000000e+00   1.1266895e+00   0.0000000e+00   0.0000000e+00
   1.0000000e+00   1.1429161e+00   0.0000000e+00   0.0000000e+00
   1.0000000e+00   1.1437266e+00   0.0000000e+00   0.0000000e+00
   1.0000000e+00   1.1344246e+00   0.0000000e+00   0.0000000e+00
   1.0000000e+00   1.1191133e+00   0.0000000e+00   0.0000000e+00
   1.0000000e+00   1.1009505e+00   0.0000000e+00   0.0000000e+00
   0.0000000e+00   1.0822885e+00   0.0000000e+00   0.0000000e+00
   0.0000000e+00   1.0610749e+00   0.0000000e+00   0.0000000e+00
   0.0000000e+00   1.0023448e+00   0.0000000e+00   0.0000000e+00
   0.0000000e+00   8.6850253e-01   0.0000000e+00   0.0000000e+00
   0.0000000e+00   6.7070479e-01   0.0000000e+00   0.0000000e+00
   1.0000000e+00   4.5232300e-01   0.0000000e+00   0.0000000e+00
   1.0000000e+00   2.5762190e-01   0.0000000e+00   0.0000000e+00
   1.0000000e+00   1.4416184e-01   0.0000000e+00   0.0000000e+00
   1.0000000e+00   1.5411240e-01   0.0000000e+00   0.0000000e+00
   1.0000000e+00   2.7068961e-01   0.0000000e+00   0.0000000e+00
   1.0000000e+00   4.4143956e-01   0.0000000e+00   0.0000000e+00
   1.0000000e+00   6.1691876e-01   0.0000000e+00   0.0000000e+00
   1.0000000e+00   7.6815551e-01   0.0000000e+00   0.0000000e+00
   1.0000000e+00   8.8523268e-01   0.0000000e+00   0.0000000e+00
   1.0000000e+00   9.6931948e-01   0.0000000e+00   0.0000000e+00
   1.0000000e+00   1.0258121e+00   0.0000000e+00   0.0000000e+00
   1.0000000e+00   1.0606276e+00   0.0000000e+00   0.0000000e+00
   1.0000000e+00   1.0789731e+00   0.0000000e+00   0.0000000e+00
   1.0000000e+00   1.0850973e+00   0.0000000e+00   0.0000000e+00
   1.0000000e+00   1.0826552e+00   0.0000000e+00   0.0000000e+00
   1.0000000e+00   1.0747554e+00   0.0000000e+00   0.0000000e+00
   0.0000000e+00   1.0639619e+00   0.0000000e+00   0.0000000e+00
   0.0000000e+00   1.0485733e+00   0.0000000e+00   0.0000000e+00
   0.0000000e+00   9.9402105e-01   0.0000000e+00   0.0000000e+00
   0.0000000e+00   8.6309046e-01   0.0000000e+00   0.0000000e+00
   0.0000000e+00   6.6726941e-01   0.0000000e+00   0.0000000e+00
   1.0000000e+00   4.5019752e-01   0.0000000e+00   0.0000000e+00
   1.0000000e+00   2.5634534e-01   0.0000000e+00   0.0000000e+00
   1.0000000e+00   1.4342420e-01   0.0000000e+00   0.0000000e+00
   1.0000000e+00   1.5371039e-01   0.0000000e+00   0.0000000e+00
   1.0000000e+00   2.7049292e-01   0.0000000e+00   0.0000000e+00
   1.0000000e+00   4.4136639e-01   0.0000000e+00   0.0000000e+00
   1.0000000e+00   6.1691876e-01   0.0000000e+00   0.0000000e+00
   1.0000000e+00   7.6815551e-01   0.0000000e+00   0.0000000e+00
   1.0000000e+00   8.8523268e-01   0.0000000e+00   0.0000000e+00
   1.0000000e+00   9.6931948e-01   0.0000000e+00   0.0000000e+00
   1.0000000e+00   1.0258121e+00   0.0000000e+00   0.0000000e+00
   1.0000000e+00   1.0606276e+00   0.0000000e+00   0.0000000e+00
   1.0000000e+00   1.0789731e+00   0.0000000e+00   0.0000000e+00
   1.0000000e+00   1.0850973e+00   0.0000000e+00   0.0000000e+00
   1.0000000e+00   1.0826552e+00   0.0000000e+00   0.0000000e+00
   1.0000000e+00   1.0747554e+00   0.0000000e+00   0.0000000e+00
   0.0000000e+00   1.0639619e+00   0.0000000e+00   0.0000000e+00
   0.0000000e+00   1.0485733e+00   0.0000000e+00   0.0000000e+00
   0.0000000e+00   9.9402105e-01   0.0000000e+00   0.0000000e+00
   0.0000000e+00   8.6309046e-01   0.0000000e+00   0.0000000e+00
   0.0000000e+00   6.6726941e-01   0.0000000e+00   0.0000000e+00
   1.0000000e+00   4.5019752e-01   0.0000000e+00   0.0000000e+00
   1.0000000e+00   2.5634534e-01   0.0000000e+00   0.0000000e+00
   1.0000000e+00   1.4342420e-01   0.0000000e+00   0.0000000e+00
   1.0000000e+00   1.5371039e-01   0.0000000e+00   0.0000000e+00
   1.0000000e+00   2.7049292e-01   0.0000000e+00   0.0000000e+00
   1.0000000e+00   4.4136639e-01   0.0000000e+00   0.0000000e+00
   1.0000000e+00   6.1691876e-01   0.0000000e+00   0.0000000e+00
   1.0000000e+00   7.6815551e-01   0.0000000e+00   0.0000000e+00
   1.0000000e+00   8.8523268e-01   0.0000000e+00   0.0000000e+00
   1.0000000e+00   9.6931948e-01   0.0000000e+00   0.0000000e+00
   1.0000000e+00   1.0258121e+00   0.0000000e+00   0.0000000e+00
   1.0000000e+00   1.0606276e+00   0.0000000e+00   0.0000000e+00
   1.0000000e+00   1.0789731e+00   0.0000000e+00   0.0000000e+00
   1.0000000e+00   1.0850973e+00   0.0000000e+00   0.0000000e+00
   1.0000000e+00   1.0826552e+00   0.0000000e+00   0.0000000e+00
   1.0000000e+00   1.0747554e+00   0.0000000e+00   0.0000000e+00
   1.0000000e+00   1.0639619e+00   0.0000000e+00   0.0000000e+00
   0.0000000e+00   1.0522518e+00   0.0000000e+00   0.0000000e+00
   0.0000000e+00   1.0373250e+00   0.0000000e+00   0.0000000e+00
   0.0000000e+00   9.8406363e-01   0.0000000e+00   0.0000000e+00
   0.0000000e+00   8.5480412e-01   0.0000000e+00   0.0000000e+00
   1.0000000e+00   6.6071073e-01   0.0000000e+00   0.0000000e+00
   1.0000000e+00   4.4890005e-01   0.0000000e+00   0.0000000e+00
   1.0000000e+00   2.9601035e-01   0.0000000e+00   0.0000000e+00
   1.0000000e+00   2.6182127e-01   0.0000000e+00   0.0000000e+00
   1.0000000e+00   3.3947374e-01   0.0000000e+00   0.0000000e+00
   1.0000000e+00   4.7981975e-01   0.0000000e+00   0.0000000e+00
   1.0000000e+00   6.3314535e-01   0.0000000e+00   0.0000000e+00
   1.0000000e+00   7.6896599e-01   0.0000000e+00   0.0000000e+00
   1.0000000e+00   8.7593076e-01   0.0000000e+00   0.0000000e+00
   1.0000000e+00   9.5400817e-01   0.0000000e+00   0.0000000e+00
   1.0000000e+00   1.0076493e+00   0.0000000e+00   0.0000000e+00
   1.0000000e+00   1.0419656e+00   0.0000000e+00   0.0000000e+00
   1.0000000e+00   1.0614381e+00   0.0000000e+00   0.0000000e+00
   1.0000000e+00   1.0696712e+00   0.0000000e+00   0.0000000e+00
   1.0000000e+00   1.0697860e+00   0.0000000e+00   0.0000000e+00
   1.0000000e+00   1.0644923e+00   0.0000000e+00   0.0000000e+00
   1.0000000e+00   1.0560933e+00   0.0000000e+00   0.0000000e+00
   0.0000000e+00   1.0464269e+00   1.0000000e+00   0.0000000e+00
   0.0000000e+00   1.0331471e+00   1.0000000e+00   3.6785116e-03
   0.0000000e+00   9.8115191e-01   1.0000000e+00   4.6982472e-02
   0.0000000e+00   8.5282744e-01   1.0000000e+00   1.6795564e-01
   0.0000000e+00   6.5940083e-01   1.0000000e+00   3.5549035e-01
   0.0000000e+00   4.4437263e-01   1.0000000e+00   5.6600356e-01
   0.0000000e+00   2.4848895e-01   1.0000000e+00   7.5855827e-01
   0.0000000e+00   9.3530007e-02   1.0000000e+00   9.1114442e-01
   0.0000000e+00  -1.6221933e-02   1.0000000e+00   1.0192553e+00
   0.0000000e+00  -8.6307334e-02   1.0000000e+00   1.0882361e+00
   0.0000000e+00  -1.2548608e-01   1.0000000e+00   1.1266895e+00
   0.0000000e+00  -1.4217843e-01   1.0000000e+00   1.1429161e+00
   0.0000000e+00  -1.4332454e-01   1.0000000e+00   1.1437266e+00
   0.0000000e+00  -1.3422795e-01   1.0000000e+00   1.1344246e+00
   0.0000000e+00  -1.1904017e-01   1.0000000e+00   1.1191133e+00
   0.0000000e+00  -1.0095050e-01   1.0000000e+00   1.1009505e+00
   0.0000000e+00  -8.2288450e-02   1.0000000e+00   1.0822885e+00
   0.0000000e+00  -6.4753445e-02   1.0000000e+00   1.0647534e+00
   0.0000000e+00  -4.9327307e-02   1.0000000e+00   1.0493273e+00
   0.0000000e+00  -3.6458167e-02   1.0000000e+00   1.0364582e+00
   0.0000000e+00  -2.6195143e-02   1.0000000e+00   1.0261951e+00
   0.0000000e+00  -1.8326559e-02   1.0000000e+00   1.0183266e+00
   0.0000000e+00  -1.2501663e-02   1.0000000e+00   1.0125017e+00
   0.0000000e+00  -8.3237883e-03   1.0000000e+00   1.0083238e+00
   0.0000000e+00  -5.4120659e-03   1.0000000e+00   1.0054121e+00
   1.0000000e+00  -3.4353820e-03   0.0000000e+00   1.0034354e+00
   1.0000000e+00   1.5530336e-03   0.0000000e+00   9.9844697e-01
   1.0000000e+00   4.5705909e-02   0.0000000e+00   9.5429409e-01
   1.0000000e+00   1.6721800e-01   0.0000000e+00   8.3278200e-01
   1.0000000e+00   3.5508834e-01   0.0000000e+00   6.4491166e-01
   1.0000000e+00   5.6580687e-01   0.0000000e+00   4.3419313e-01
   1.0000000e+00   7.5848511e-01   0.0000000e+00   2.4151489e-01
   1.0000000e+00   9.1114442e-01   0.0000000e+00   8.8855582e-02
   1.0000000e+00   1.0192553e+00   0.0000000e+00  -1.9255304e-02
   1.0000000e+00   1.0882361e+00   0.0000000e+00  -8.8236122e-02
   1.0000000e+00   1.1266895e+00   0.0000000e+00  -1.2668948e-01
   1.0000000e+00   1.1429161e+00   0.0000000e+00  -1.4291607e-01
   1.0000000e+00   1.1437266e+00   0.0000000e+00  -1.4372655e-01
   1.0000000e+00   1.1344246e+00   0.0000000e+00  -1.3442464e-01
   1.0000000e+00   1.1191133e+00   0.0000000e+00  -1.1911334e-01
   1.0000000e+00   1.1009505e+00   0.0000000e+00  -1.0095050e-01
   0.0000000e+00   1.0822885e+00   0.0000000e+00  -8.2288450e-02
   0.0000000e+00   1.0610749e+00   0.0000000e+00  -6.4753445e-02
   0.0000000e+00   1.0023448e+00   0.0000000e+00  -4.9327307e-02
   0.0000000e+00   8.6850253e-01   0.0000000e+00  -3.6458167e-02
   0.0000000e+00   6.7070479e-01   0.0000000e+00  -2.6195143e-02
   1.0000000e+00   4.5232300e-01   0.0000000e+00  -1.8326559e-02
   1.0000000e+00   2.5762190e-01   0.0000000e+00  -1.2501663e-02
   1.0000000e+00   1.4416184e-01   0.0000000e+00  -8.3237883e-03
   1.0000000e+00   1.5411240e-01   0.0000000e+00  -5.4120659e-03
   1.0000000e+00   2.7068961e-01   0.0000000e+00  -3.4353820e-03
   1.0000000e+00   4.4143956e-01   0.0000000e+00  -2.1254780e-03
   1.0000000e+00   6.1691876e-01   0.0000000e+00  -1.2765624e-03
   1.0000000e+00   7.6815551e-01   0.0000000e+00  -7.3764018e-04
   1.0000000e+00   8.8523268e-01   0.0000000e+00  -4.0201117e-04
   1.0000000e+00   9.6931948e-01   0.0000000e+00  -1.9669022e-04
   1.0000000e+00   1.0258121e+00   0.0000000e+00  -7.3164098e-05
   1.0000000e+00   1.0606276e+00   0.0000000e+00   0.0000000e+00
   1.0000000e+00   1.0789731e+00   0.0000000e+00   0.0000000e+00
   1.0000000e+00   1.0850973e+00   0.0000000e+00   0.0000000e+00
   1.0000000e+00   1.0826552e+00   0.0000000e+00   0.0000000e+00
   1.0000000e+00   1.0747554e+00   0.0000000e+00   0.0000000e+00
   0.0000000e+00   1.0639619e+00   0.0000000e+00   0.0000000e+00
   0.0000000e+00   1.0485733e+00   0.0000000e+00   0.0000000e+00
   0.0000000e+00   9.9402105e-01   0.0000000e+00   0.0000000e+00
   0.0000000e+00   8.6309046e-01   0.0000000e+00   0.0000000e+00
   0.0000000e+00   6.6726941e-01   0.0000000e+00   0.0000000e+00
   1.0000000e+00   4.5019752e-01   0.0000000e+00   0.0000000e+00
   1.0000000e+00   2.5634534e-01   0.0000000e+00   0.0000000e+00
   1.0000000e+00   1.4342420e-01   0.0000000e+00   0.0000000e+00
   1.0000000e+00   1.5371039e-01   0.0000000e+00   0.0000000e+00
   1.0000000e+00   2.7049292e-01   0.0000000e+00   0.0000000e+00
   1.0000000e+00   4.4136639e-01   0.0000000e+00   0.0000000e+00
   1.0000000e+00   6.1691876e-01   0.0000000e+00   0.0000000e+00
   1.0000000e+00   7.6815551e-01   0.0000000e+00   0.0000000e+00
   1.0000000e+00   8.8523268e-01   0.0000000e+00   0.0000000e+00
   1.0000000e+00   9.6931948e-01   0.0000000e+00   0.0000000e+00
   1.0000000e+00   1.0258121e+00   0.0000000e+00   0.0000000e+00
   1.0000000e+00   1.0606276e+00   0.0000000e+00   0.0000000e+00
   1.0000000e+00   1.0789731e+00   0.0000000e+00   0.0000000e+00
   1.0000000e+00   1.0850973e+00   0.0000000e+00   0.0000000e+00
   1.0000000e+00   1.0826552e+00   0.0000000e+00   0.0000000e+00
   1.0000000e+00   1.0747554e+00   0.0000000e+00   0.0000000e+00
   0.0000000e+00   1.0639619e+00   1.0000000e+00   0.0000000e+00
   0.0000000e+00   1.0485733e+00   1.0000000e+00   3.6785116e-03
   0.0000000e+00   9.9402105e-01   1.0000000e+00   4.6982472e-02
   0.0000000e+00   8.6309046e-01   1.0000000e+00   1.6795564e-01
   0.0000000e+00   6.6726941e-01   1.0000000e+00   3.5549035e-01
   0.0000000e+00   4.5019752e-01   1.0000000e+00   5.6600356e-01
   0.0000000e+00   2.5266683e-01   1.0000000e+00   7.5855827e-01
   0.0000000e+00   9.6441730e-02   1.0000000e+00   9.1114442e-01
   0.0000000e+00  -1.4245249e-02   1.0000000e+00   1.0192553e+00
   0.0000000e+00  -8.4997430e-02   1.0000000e+00   1.0882361e+00
   0.0000000e+00  -1.2463717e-01   1.0000000e+00   1.1266895e+00
   0.0000000e+00  -1.4163951e-01   1.0000000e+00   1.1429161e+00
   0.0000000e+00  -1.4298891e-01   1.0000000e+00   1.1437266e+00
   0.0000000e+00  -1.3402263e-01   1.0000000e+00   1.1344246e+00
   0.0000000e+00  -1.1891665e-01   1.0000000e+00   1.1191133e+00
   0.0000000e+00  -1.0087734e-01   1.0000000e+00   1.1009505e+00
   0.0000000e+00  -8.2288450e-02   1.0000000e+00   1.0822885e+00
   0.0000000e+00  -6.4753445e-02   1.0000000e+00   1.0647534e+00
   0.0000000e+00  -4.9327307e-02   1.0000000e+00   1.0493273e+00
   0.0000000e+00  -3.6458167e-02   1.0000000e+00   1.0364582e+00
   0.0000000e+00  -2.6195143e-02   1.0000000e+00   1.0261951e+00
   0.0000000e+00  -1.8326559e-02   1.0000000e+00   1.0183266e+00
   0.0000000e+00  -1.2501663e-02   1.0000000e+00   1.0125017e+00
   0.0000000e+00  -8.3237883e-03   1.0000000e+00   1.0083238e+00
   0.0000000e+00  -5.4120659e-03   1.0000000e+00   1.0054121e+00
   0.0000000e+00  -3.4353820e-03   1.0000000e+00   1.0034354e+00
   1.0000000e+00  -2.1254780e-03   0.0000000e+00   1.0021255e+00
   1.0000000e+00   2.4019492e-03   0.0000000e+00   9.9759805e-01
   1.0000000e+00   4.6244832e-02   0.0000000e+00   9.5375517e-01
   1.0000000e+00   1.6755363e-01   0.0000000e+00   8.3244637e-01
   1.0000000e+00   3.5529366e-01   0.0000000e+00   6.4470634e-01
   1.0000000e+00   5.6593040e-01   0.0000000e+00   4.3406960e-01
   1.0000000e+00   7.5855827e-01   0.0000000e+00   2.4144173e-01
   1.0000000e+00   9.1114442e-01   0.0000000e+00   8.8855582e-02
   1.0000000e+00   1.0192553e+00   0.0000000e+00  -1.9255304e-02
   1.0000000e+00   1.0882361e+00   0.0000000e+00  -8.8236122e-02
   1.0000000e+00   1.1266895e+00   0.0000000e+00  -1.2668948e-01
   1.0000000e+00   1.1429161e+00   0.0000000e+00  -1.4291607e-01
   1.0000000e+00   1.1437266e+00   0.0000000e+00  -1.4372655e-01
   1.0000000e+00   1.1344246e+00   0.0000000e+00  -1.3442464e-01
   1.0000000e+00   1.1191133e+00   0.0000000e+00  -1.1911334e-01
   1.0000000e+00   1.1009505e+00   0.0000000e+00  -1.0095050e-01
   0.0000000e+00   1.0822885e+00   0.0000000e+00  -8.2288450e-02
   0.0000000e+00   1.0610749e+00   0.0000000e+00  -6.4753445e-02
   0.0000000e+00   1.0023448e+00   0.0000000e+00  -4.9327307e-02
   0.0000000e+00   8.6850253e-01   0.0000000e+00  -3.6458167e-02
   0.0000000e+00   6.7070479e-01   0.0000000e+00  -2.6195143e-02
   1.0000000e+00   4.5232300e-01   0.0000000e+00  -1.8326559e-02
   1.0000000e+00   2.5762190e-01   0.0000000e+00  -1.2501663e-02
   1.0000000e+00   1.4416184e-01   0.0000000e+00  -8.3237883e-03
   1.0000000e+00   1.5411240e-01   0.0000000e+00  -5.4120659e-03
   1.0000000e+00   2.7068961e-01   0.0000000e+00  -3.4353820e-03
   1.0000000e+00   4.4143956e-01   0.0000000e+00  -2.1254780e-03
   1.0000000e+00   6.1691876e-01   0.0000000e+00  -1.2765624e-03
   1.0000000e+00   7.6815551e-01   0.0000000e+00  -7.3764018e-04
   1.0000000e+00   8.8523268e-01   0.0000000e+00  -4.0201117e-04
   1.0000000e+00   9.6931948e-01   0.0000000e+00  -1.9669022e-04
   1.0000000e+00   1.0258121e+00   0.0000000e+00  -7.3164098e-05
   1.0000000e+00   1.0606276e+00   0.0000000e+00   0.0000000e+00
   1.0000000e+00   1.0789731e+00   0.0000000e+00   0.0000000e+00
   1.0000000e+00   1.0850973e+00   0.0000000e+00   0.0000000e+00
   1.0000000e+00   1.0826552e+00   0.0000000e+00   0.0000000e+00
   1.0000000e+00   1.0747554e+00   0.0000000e+00   0.0000000e+00
   0.0000000e+00   1.0639619e+00   1.0000000e+00   0.0000000e+00
   0.0000000e+00   1.0485733e+00   1.0000000e+00   3.6785116e-03
   0.0000000e+00   9.9402105e-01   1.0000000e+00   4.6982472e-02
   0.0000000e+00   8.6309046e-01   1.0000000e+00   1.6795564e-01
   0.0000000e+00   6.6726941e-01   1.0000000e+00   3.5549035e-01
   0.0000000e+00   4.5019752e-01   1.0000000e+00   5.6600356e-01
   0.0000000e+00   2.5266683e-01   1.0000000e+00   7.5855827e-01
   0.0000000e+00   9.6441730e-02   1.0000000e+00   9.1114442e-01
   0.0000000e+00  -1.4245249e-02   1.0000000e+00   1.0192553e+00
   0.0000000e+00  -8.4997430e-02   1.0000000e+00   1.0882361e+00
   0.0000000e+00  -1.2463717e-01   1.0000000e+00   1.1266895e+00
   0.0000000e+00  -1.4163951e-01   1.0000000e+00   1.1429161e+00
   0.0000000e+00  -1.4298891e-01   1.0000000e+00   1.1437266e+00
   0.0000000e+00  -1.3402263e-01   1.0000000e+00   1.1344246e+00
   0.0000000e+00  -1.1891665e-01   1.0000000e+00   1.1191133e+00
   0.0000000e+00  -1.0087734e-01   1.0000000e+00   1.1009505e+00
   0.0000000e+00  -8.2288450e-02   1.0000000e+00   1.0822885e+00
   0.0000000e+00  -6.4753445e-02   1.0000000e+00   1.0647534e+00
   0.0000000e+00  -4.9327307e-02   1.0000000e+00   1.0493273e+00
   0.0000000e+00  -3.6458167e-02   1.0000000e+00   1.0364582e+00
   0.0000000e+00  -2.6195143e-02   1.0000000e+00   1.0261951e+00
