   1.0000000e+00   0.0000000e+00   0.0000000e+00   0.0000000e+00
   1.0000000e+00   3.6785116e-03   0.0000000e+00   0.0000000e+00
   1.0000000e+00   4.6982472e-02   0.0000000e+00   0.0000000e+00
   1.0000000e+00   1.6795564e-01   0.0000000e+00   0.0000000e+00
   1.0000000e+00   3.5549035e-01   0.0000000e+00   0.0000000e+00
   1.0000000e+00   5.6600356e-01   0.0000000e+00   0.0000000e+00
   1.0000000e+00   7.5855827e-01   0.0000000e+00   0.0000000e+00
   1.0000000e+00   9.1114442e-01   0.0000000e+00   0.0000000e+00
   1.0000000e+00   1.0192553e+00   0.0000000e+00   0.0000000e+00
   1.0000000e+00   1.0882361e+00   0.0000000e+00   0.0000000e+00
   1.0000000e+00   1.1266895e+00   0.0000000e+00   0.0000000e+00
   1.0000000e+00   1.1429161e+00   0.0000000e+00   0.0000000e+00
   1.0000000e+00   1.1437266e+00   0.0000000e+00   0.0000000e+00
   1.0000000e+00   1.1344246e+00   0.0000000e+00   0.0000000e+00
   1.0000000e+00   1.1191133e+00   0.0000000e+00   0.0000000e+00
   1.0000000e+00   1.1009505e+00   0.0000000e+00   0.0000000e+00
   1.0000000e+00   1.0822885e+00   0.0000000e+00   0.0000000e+00
   1.0000000e+00   1.0647534e+00   0.0000000e+00   0.0000000e+00
   1.0000000e+00   1.0493273e+00   0.0000000e+00   0.0000000e+00
   1.0000000e+00   1.0364582e+00   0.0000000e+00   0.0000000e+00
   1.0000000e+00   1.0261951e+00   0.0000000e+00   0.0000000e+00
   1.0000000e+00   1.0183266e+00   0.0000000e+00   0.0000000e+00
   1.0000000e+00   1.0125017e+00   0.0000000e+00   0.0000000e+00
   1.0000000e+00   1.0083238e+00   0.0000000e+00   0.0000000e+00
   1.0000000e+00   1.0054121e+00   0.0000000e+00   0.0000000e+00
   1.0000000e+00   1.0034354e+00   0.0000000e+00   0.0000000e+00
   1.0000000e+00   1.0021255e+00   0.0000000e+00   0.0000000e+00
   1.0000000e+00   1.0012766e+00   0.0000000e+00   0.0000000e+00
   1.0000000e+00   1.0007376e+00   0.0000000e+00   0.0000000e+00
   1.0000000e+00   1.0004020e+00   0.0000000e+00   0.0000000e+00
   1.0000000e+00   1.0001967e+00   0.0000000e+00   0.0000000e+00
   1.0000000e+00   1.0000732e+00   0.0000000e+00   0.0000000e+00
   1.0000000e+00   1.0000000e+00   0.0000000e+00   0.0000000e+00
   1.0000000e+00   1.0000000e+00   0.0000000e+00   0.0000000e+00
   1.0000000e+00   1.0000000e+00   0.0000000e+00   0.0000000e+00
   1.0000000e+00   1.0000000e+00   0.0000000e+00   0.0000000e+00
   0.0000000e+00   1.0000000e+00   0.0000000e+00   0.0000000e+00
   0.0000000e+00   9.9632149e-01   0.0000000e+00   0.0000000e+00
   0.0000000e+00   9.5301753e-01   1.0000000e+00   0.0000000e+00
   0.0000000e+00   8.3204436e-01   1.0000000e+00   3.6785116e-03
   0.0000000e+00   6.4450965e-01   1.0000000e+00   4.6982472e-02
   0.0000000e+00   4.3399644e-01   1.0000000e+00   1.6795564e-01
   0.0000000e+00   2.4144173e-01   1.0000000e+00   3.5549035e-01
   0.0000000e+00   8.8855582e-02   1.0000000e+00   5.6600356e-01
   0.0000000e+00  -1.9255304e-02   1.0000000e+00   7.5855827e-01
   0.0000000e+00  -8.8236122e-02   1.0000000e+00   9.1114442e-01
   0.0000000e+00  -1.2668948e-01   1.0000000e+00   1.0192553e+00
   0.0000000e+00  -1.4291607e-01   1.0000000e+00   1.0882361e+00
   0.0000000e+00  -1.4372655e-01   1.0000000e+00   1.1266895e+00
   0.0000000e+00  -1.3442464e-01   1.0000000e+00   1.1429161e+00
   0.0000000e+00  -1.1911334e-01   1.0000000e+00   1.1437266e+00
   0.0000000e+00  -1.0095050e-01   1.0000000e+00   1.1344246e+00
   0.0000000e+00  -8.2288450e-02   0.0000000e+00   1.1191133e+00
   0.0000000e+00  -6.4753445e-02   1.0000000e+00   1.0972720e+00
   0.0000000e+00  -4.9327307e-02   1.0000000e+00   1.0389845e+00
   0.0000000e+00  -3.6458167e-02   1.0000000e+00   9.4378028e-01
   0.0000000e+00  -2.6195143e-02   1.0000000e+00   8.6179259e-01
   0.0000000e+00  -1.8326559e-02   1.0000000e+00   8.2594496e-01
   0.0000000e+00  -1.2501663e-02   1.0000000e+00   8.3364043e-01
   0.0000000e+00  -8.3237883e-03   1.0000000e+00   8.6574041e-01
   0.0000000e+00  -5.4120659e-03   1.0000000e+00   9.0439078e-01
   0.0000000e+00  -3.4353820e-03   1.0000000e+00   9.3934297e-01
   0.0000000e+00  -2.1254780e-03   1.0000000e+00   9.6695871e-01
   0.0000000e+00  -1.2765624e-03   1.0000000e+00   9.8720879e-01
   0.0000000e+00  -7.3764018e-04   1.0000000e+00   1.0013150e+00
   0.0000000e+00  -4.0201117e-04   1.0000000e+00   1.0105785e+00
   0.0000000e+00  -1.9669022e-04   1.0000000e+00   1.0160489e+00
   0.0000000e+00  -7.3164098e-05   0.0000000e+00   1.0185648e+00
   0.0000000e+00   0.0000000e+00   0.0000000e+00   1.0151802e+00
   0.0000000e+00   0.0000000e+00   0.0000000e+00   9.7062570e-01
   1.0000000e+00   0.0000000e+00   0.0000000e+00   8.4747050e-01
   1.0000000e+00   3.6785116e-03   0.0000000e+00   6.5737879e-01
   1.0000000e+00   4.6982472e-02   0.0000000e+00   4.4425946e-01
   1.0000000e+00   1.6795564e-01   0.0000000e+00   2.4931031e-01
   1.0000000e+00   3.5549035e-01   0.0000000e+00   9.4680478e-02
   1.0000000e+00   5.6600356e-01   0.0000000e+00  -1.5077429e-02
   1.0000000e+00   7.5855827e-01   0.0000000e+00  -8.5324399e-02
   1.0000000e+00   9.1114442e-01   0.0000000e+00  -1.2471280e-01
   1.0000000e+00   1.0192553e+00   0.0000000e+00  -1.4160617e-01
   1.0000000e+00   1.0882361e+00   0.0000000e+00  -1.4287764e-01
   1.0000000e+00   1.1266895e+00   0.0000000e+00  -1.3388572e-01
   1.0000000e+00   1.1429161e+00   0.0000000e+00  -1.1877771e-01
   1.0000000e+00   1.1437266e+00   0.0000000e+00  -1.0074518e-01
   1.0000000e+00   1.1344246e+00   0.0000000e+00  -8.2164924e-02
   1.0000000e+00   1.1191133e+00   0.0000000e+00  -6.4680281e-02
   1.0000000e+00   1.1009505e+00   0.0000000e+00  -4.9327307e-02
   1.0000000e+00   1.0822885e+00   0.0000000e+00  -3.6458167e-02
   1.0000000e+00   1.0647534e+00   0.0000000e+00  -2.6195143e-02
   1.0000000e+00   1.0493273e+00   0.0000000e+00  -1.8326559e-02
   1.0000000e+00   1.0364582e+00   0.0000000e+00  -1.2501663e-02
   1.0000000e+00   1.0261951e+00   0.0000000e+00  -8.3237883e-03
   1.0000000e+00   1.0183266e+00   0.0000000e+00  -5.4120659e-03
   1.0000000e+00   1.0125017e+00   0.0000000e+00  -3.4353820e-03
   1.0000000e+00   1.0083238e+00   0.0000000e+00  -2.1254780e-03
   1.0000000e+00   1.0054121e+00   0.0000000e+00  -1.2765624e-03
   1.0000000e+00   1.0034354e+00   0.0000000e+00  -7.3764018e-04
   1.0000000e+00   1.0021255e+00   0.0000000e+00  -4.0201117e-04
   1.0000000e+00   1.0012766e+00   0.0000000e+00  -1.9669022e-04
   1.0000000e+00   1.0007376e+00   0.0000000e+00  -7.3164098e-05
   1.0000000e+00   1.0004020e+00   0.0000000e+00   0.0000000e+00
   1.0000000e+00   1.0001967e+00   0.0000000e+00   0.0000000e+00
   1.0000000e+00   1.0000732e+00   0.0000000e+00   0.0000000e+00
   1.0000000e+00   1.0000000e+00   0.0000000e+00   0.0000000e+00
   1.0000000e+00   1.0000000e+00   0.0000000e+00   0.0000000e+00
   1.0000000e+00   1.0000000e+00   0.0000000e+00   0.0000000e+00
   1.0000000e+00   1.0000000e+00   0.0000000e+00   0.0000000e+00
   1.0000000e+00   1.0000000e+00   0.0000000e+00   0.0000000e+00
   1.0000000e+00   1.0000000e+00   0.0000000e+00   0.0000000e+00
   0.0000000e+00   1.0000000e+00   0.0000000e+00   0.0000000e+00
   0.0000000e+00   9.9632149e-01   0.0000000e+00   0.0000000e+00
   0.0000000e+00   9.5301753e-01   1.0000000e+00   0.0000000e+00
   0.0000000e+00   8.3204436e-01   1.0000000e+00   3.6785116e-03
   0.0000000e+00   6.4450965e-01   1.0000000e+00   4.6982472e-02
   0.0000000e+00   4.3399644e-01   1.0000000e+00   1.6795564e-01
   0.0000000e+00   2.4144173e-01   1.0000000e+00   3.5549035e-01
   0.0000000e+00   8.8855582e-02   1.0000000e+00   5.6600356e-01
   0.0000000e+00  -1.9255304e-02   1.0000000e+00   7.5855827e-01
   0.0000000e+00  -8.8236122e-02   1.0000000e+00   9.1114442e-01
   0.0000000e+00  -1.2668948e-01   1.0000000e+00   1.0192553e+00
   0.0000000e+00  -1.4291607e-01   1.0000000e+00   1.0882361e+00
   0.0000000e+00  -1.4372655e-01   1.0000000e+00   1.1266895e+00
   0.0000000e+00  -1.3442464e-01   1.0000000e+00   1.1429161e+00
   0.0000000e+00  -1.1911334e-01   1.0000000e+00   1.1437266e+00
   0.0000000e+00  -1.0095050e-01   1.0000000e+00   1.1344246e+00
   0.0000000e+00  -8.2288450e-02   0.0000000e+00   1.1191133e+00
   0.0000000e+00  -6.4753445e-02   1.0000000e+00   1.0972720e+00
   0.0000000e+00  -4.9327307e-02   1.0000000e+00   1.0389845e+00
   0.0000000e+00  -3.6458167e-02   1.0000000e+00   9.4378028e-01
   0.0000000e+00  -2.6195143e-02   1.0000000e+00   8.6179259e-01
   0.0000000e+00  -1.8326559e-02   1.0000000e+00   8.2594496e-01
   0.0000000e+00  -1.2501663e-02   1.0000000e+00   8.3364043e-01
   0.0000000e+00  -8.3237883e-03   1.0000000e+00   8.6574041e-01
   0.0000000e+00  -5.4120659e-03   1.0000000e+00   9.0439078e-01
   0.0000000e+00  -3.4353820e-03   1.0000000e+00   9.3934297e-01
   0.0000000e+00  -2.1254780e-03   1.0000000e+00   9.6695871e-01
   0.0000000e+00  -1.2765624e-03   1.0000000e+00   9.8720879e-01
   0.0000000e+00  -7.3764018e-04   1.0000000e+00   1.0013150e+00
   0.0000000e+00  -4.0201117e-04   1.0000000e+00   1.0105785e+00
   0.0000000e+00  -1.9669022e-04   1.0000000e+00   1.0160489e+00
   0.0000000e+00  -7.3164098e-05   1.0000000e+00   1.0185648e+00
   0.0000000e+00   0.0000000e+00   1.0000000e+00   1.0188587e+00
   0.0000000e+00   0.0000000e+00   1.0000000e+00   1.0176082e+00
   0.0000000e+00   0.0000000e+00   0.0000000e+00   1.0154261e+00
   0.0000000e+00   0.0000000e+00   0.0000000e+00   1.0091906e+00
   1.0000000e+00   0.0000000e+00   0.0000000e+00   9.6328055e-01
   1.0000000e+00   3.6785116e-03   0.0000000e+00   8.3991295e-01
   1.0000000e+00   4.6982472e-02   0.0000000e+00   6.5033454e-01
   1.0000000e+00   1.6795564e-01   0.0000000e+00   4.3817431e-01
   1.0000000e+00   3.5549035e-01   0.0000000e+00   2.4435345e-01
   1.0000000e+00   5.6600356e-01   0.0000000e+00   9.0832266e-02
   1.0000000e+00   7.5855827e-01   0.0000000e+00  -1.7945400e-02
   1.0000000e+00   9.1114442e-01   0.0000000e+00  -8.7387206e-02
   1.0000000e+00   1.0192553e+00   0.0000000e+00  -1.2615056e-01
   1.0000000e+00   1.0882361e+00   0.0000000e+00  -1.4258044e-01
   1.0000000e+00   1.1266895e+00   0.0000000e+00  -1.4352123e-01
   1.0000000e+00   1.1429161e+00   0.0000000e+00  -1.3430111e-01
   1.0000000e+00   1.1437266e+00   0.0000000e+00  -1.1904017e-01
   1.0000000e+00   1.1344246e+00   0.0000000e+00  -1.0095050e-01
   1.0000000e+00   1.1191133e+00   0.0000000e+00  -8.2288450e-02
   1.0000000e+00   1.1009505e+00   0.0000000e+00  -6.4753445e-02
   1.0000000e+00   1.0822885e+00   0.0000000e+00  -4.9327307e-02
   1.0000000e+00   1.0647534e+00   0.0000000e+00  -3.6458167e-02
   1.0000000e+00   1.0493273e+00   0.0000000e+00  -2.6195143e-02
   1.0000000e+00   1.0364582e+00   0.0000000e+00  -1.8326559e-02
   1.0000000e+00   1.0261951e+00   0.0000000e+00  -1.2501663e-02
   1.0000000e+00   1.0183266e+00   0.0000000e+00  -8.3237883e-03
   1.0000000e+00   1.0125017e+00   0.0000000e+00  -5.4120659e-03
   1.0000000e+00   1.0083238e+00   0.0000000e+00  -3.4353820e-03
   1.0000000e+00   1.0054121e+00   0.0000000e+00  -2.1254780e-03
   1.0000000e+00   1.0034354e+00   0.0000000e+00  -1.2765624e-03
   1.0000000e+00   1.0021255e+00   0.0000000e+00  -7.3764018e-04
   1.0000000e+00   1.0012766e+00   0.0000000e+00  -4.0201117e-04
   1.0000000e+00   1.0007376e+00   0.0000000e+00  -1.9669022e-04
   1.0000000e+00   1.0004020e+00   0.0000000e+00  -7.3164098e-05
   1.0000000e+00   1.0001967e+00   0.0000000e+00   0.0000000e+00
   1.0000000e+00   1.0000732e+00   0.0000000e+00   0.0000000e+00
   1.0000000e+00   1.0000000e+00   0.0000000e+00   0.0000000e+00
   1.0000000e+00   1.0000000e+00   0.0000000e+00   0.0000000e+00
   1.0000000e+00   1.0000000e+00   0.0000000e+00   0.0000000e+00
   1.0000000e+00   1.0000000e+00   0.0000000e+00   0.0000000e+00
   0.0000000e+00   1.0000000e+00   0.0000000e+00   0.0000000e+00
   0.0000000e+00   9.9632149e-01   0.0000000e+00   0.0000000e+00
   0.0000000e+00   9.5301753e-01   1.0000000e+00   0.0000000e+00
   0.0000000e+00   8.3204436e-01   1.0000000e+00   3.6785116e-03
   0.0000000e+00   6.4450965e-01   1.0000000e+00   4.6982472e-02
   0.0000000e+00   4.3399644e-01   1.0000000e+00   1.6795564e-01
   0.0000000e+00   2.4144173e-01   1.0000000e+00   3.5549035e-01
   0.0000000e+00   8.8855582e-02   1.0000000e+00   5.6600356e-01
   0.0000000e+00  -1.9255304e-02   1.0000000e+00   7.5855827e-01
   0.0000000e+00  -8.8236122e-02   1.0000000e+00   9.1114442e-01
   0.0000000e+00  -1.2668948e-01   1.0000000e+00   1.0192553e+00
   0.0000000e+00  -1.4291607e-01   1.0000000e+00   1.0882361e+00
   0.0000000e+00  -1.4372655e-01   1.0000000e+00   1.1266895e+00
   0.0000000e+00  -1.3442464e-01   1.0000000e+00   1.1429161e+00
   0.0000000e+00  -1.1911334e-01   1.0000000e+00   1.1437266e+00
   0.0000000e+00  -1.0095050e-01   1.0000000e+00   1.1344246e+00
   0.0000000e+00  -8.2288450e-02   1.0000000e+00   1.1191133e+00
   0.0000000e+00  -6.4753445e-02   1.0000000e+00   1.1009505e+00
   0.0000000e+00  -4.9327307e-02   1.0000000e+00   1.0822885e+00
   0.0000000e+00  -3.6458167e-02   1.0000000e+00   1.0647534e+00
   0.0000000e+00  -2.6195143e-02   1.0000000e+00   1.0493273e+00
   0.0000000e+00  -1.8326559e-02   1.0000000e+00   1.0364582e+00
   0.0000000e+00  -1.2501663e-02   1.0000000e+00   1.0261951e+00
   0.0000000e+00  -8.3237883e-03   1.0000000e+00   1.0183266e+00
   0.0000000e+00  -5.4120659e-03   1.0000000e+00   1.0125017e+00
   0.0000000e+00  -3.4353820e-03   1.0000000e+00   1.0083238e+00
   0.0000000e+00  -2.1254780e-03   1.0000000e+00   1.0054121e+00
   0.0000000e+00  -1.2765624e-03   1.0000000e+00   1.0034354e+00
   0.0000000e+00  -7.3764018e-04   1.0000000e+00   1.0021255e+00
   0.0000000e+00  -4.0201117e-04   1.0000000e+00   1.0012766e+00
   0.0000000e+00  -1.9669022e-04   1.0000000e+00   1.0007376e+00
   0.0000000e+00  -7.3164098e-05   1.0000000e+00   1.0004020e+00
   0.0000000e+00   0.0000000e+00   1.0000000e+00   1.0001967e+00
   0.0000000e+00   0.0000000e+00   1.0000000e+00   1.0000732e+00
   0.0000000e+00   0.0000000e+00   1.0000000e+00   1.0000000e+00
   0.0000000e+00   0.0000000e+00   1.0000000e+00   1.0000000e+00
   0.0000000e+00   0.0000000e+00   1.0000000e+00   1.0000000e+00
   0.0000000e+00   0.0000000e+00   1.0000000e+00   1.0000000e+00
   0.0000000e+00   0.0000000e+00   1.0000000e+00   1.0000000e+00
   0.0000000e+00   0.0000000e+00   1.0000000e+00   1.0000000e+00
   0.0000000e+00   0.0000000e+00   1.0000000e+00   1.0000000e+00
   0.0000000e+00   0.0000000e+00   1.0000000e+00   1.0000000e+00
   0.0000000e+00   0.0000000e+00   1.0000000e+00   1.0000000e+00
   0.0000000e+00   0.0000000e+00   1.0000000e+00   1.0000000e+00
   0.0000000e+00   0.0000000e+00   1.0000000e+00   1.0000000e+00
   0.0000000e+00   0.0000000e+00   1.0000000e+00   1.0000000e+00
   0.0000000e+00   0.0000000e+00   1.0000000e+00   1.0000000e+00
   0.0000000e+00   0.0000000e+00   1.0000000e+00   1.0000000e+00
   0.0000000e+00   0.0000000e+00   1.0000000e+00   1.0000000e+00
   0.0000000e+00   0.0000000e+00   1.0000000e+00   1.0000000e+00
   0.0000000e+00   0.0000000e+00   0.0000000e+00   1.0000000e+00
   0.0000000e+00   0.0000000e+00   1.0000000e+00   9.9632149e-01
   0.0000000e+00   0.0000000e+00   1.0000000e+00   9.5669604e-01
   0.0000000e+00   0.0000000e+00   1.0000000e+00   8.7902683e-01
   0.0000000e+00   0.0000000e+00   1.0000000e+00   8.1246529e-01
   0.0000000e+00   0.0000000e+00   1.0000000e+00   7.8948679e-01
   0.0000000e+00   0.0000000e+00   1.0000000e+00   8.0744529e-01
   0.0000000e+00   0.0000000e+00   1.0000000e+00   8.4741385e-01
   0.0000000e+00   0.0000000e+00   1.0000000e+00   8.9188911e-01
   0.0000000e+00   0.0000000e+00   1.0000000e+00   9.3101918e-01
   0.0000000e+00   0.0000000e+00   1.0000000e+00   9.6154664e-01
   0.0000000e+00   0.0000000e+00   1.0000000e+00   9.8377341e-01
   0.0000000e+00   0.0000000e+00   1.0000000e+00   9.9918952e-01
   0.0000000e+00   0.0000000e+00   1.0000000e+00   1.0093019e+00
   0.0000000e+00   0.0000000e+00   1.0000000e+00   1.0153113e+00
   0.0000000e+00   0.0000000e+00   1.0000000e+00   1.0181628e+00
   0.0000000e+00   0.0000000e+00   0.0000000e+00   1.0186621e+00
   0.0000000e+00   0.0000000e+00   0.0000000e+00   1.0138565e+00
   1.0000000e+00   0.0000000e+00   0.0000000e+00   9.6844367e-01
   1.0000000e+00   3.6785116e-03   0.0000000e+00   8.4491350e-01
   1.0000000e+00   4.6982472e-02   0.0000000e+00   6.5477267e-01
   1.0000000e+00   1.6795564e-01   0.0000000e+00   4.4186502e-01
   1.0000000e+00   3.5549035e-01   0.0000000e+00   2.4726662e-01
   1.0000000e+00   5.6600356e-01   0.0000000e+00   9.3033457e-02
   1.0000000e+00   7.5855827e-01   0.0000000e+00  -1.6343581e-02
   1.0000000e+00   9.1114442e-01   0.0000000e+00  -8.6259438e-02
   1.0000000e+00   1.0192553e+00   0.0000000e+00  -1.2537958e-01
   1.0000000e+00   1.0882361e+00   0.0000000e+00  -1.4206716e-01
   1.0000000e+00   1.1266895e+00   0.0000000e+00  -1.4318763e-01
   1.0000000e+00   1.1429161e+00   0.0000000e+00  -1.3408901e-01
   1.0000000e+00   1.1437266e+00   0.0000000e+00  -1.1890801e-01
   1.0000000e+00   1.1344246e+00   0.0000000e+00  -1.0082698e-01
   1.0000000e+00   1.1191133e+00   0.0000000e+00  -8.2215286e-02
   1.0000000e+00   1.1009505e+00   0.0000000e+00  -6.4753445e-02
   1.0000000e+00   1.0822885e+00   0.0000000e+00  -4.9327307e-02
   1.0000000e+00   1.0647534e+00   0.0000000e+00  -3.6458167e-02
   1.0000000e+00   1.0493273e+00   0.0000000e+00  -2.6195143e-02
   1.0000000e+00   1.0364582e+00   0.0000000e+00  -1.8326559e-02
   1.0000000e+00   1.0261951e+00   0.0000000e+00  -1.2501663e-02
   1.0000000e+00   1.0183266e+00   0.0000000e+00  -8.3237883e-03
   1.0000000e+00   1.0125017e+00   0.0000000e+00  -5.4120659e-03
   1.0000000e+00   1.0083238e+00   0.0000000e+00  -3.4353820e-03
   1.0000000e+00   1.0054121e+00   0.0000000e+00  -2.1254780e-03
   1.0000000e+00   1.0034354e+00   0.0000000e+00  -1.2765624e-03
   1.0000000e+00   1.0021255e+00   0.0000000e+00  -7.3764018e-04
   1.0000000e+00   1.0012766e+00   0.0000000e+00  -4.0201117e-04
   1.0000000e+00   1.0007376e+00   0.0000000e+00  -1.9669022e-04
   1.0000000e+00   1.0004020e+00   0.0000000e+00  -7.3164098e-05
   1.0000000e+00   1.0001967e+00   0.0000000e+00   0.0000000e+00
   1.0000000e+00   1.0000732e+00   0.0000000e+00   0.0000000e+00
   1.0000000e+00   1.0000000e+00   0.0000000e+00   0.0000000e+00
   1.0000000e+00   1.0000000e+00   0.0000000e+00   0.0000000e+00
   1.0000000e+00   1.0000000e+00   0.0000000e+00   0.0000000e+00
   1.0000000e+00   1.0000000e+00   0.0000000e+00   0.0000000e+00
   1.0000000e+00   1.0000000e+00   0.0000000e+00   0.0000000e+00
   1.0000000e+00   1.0000000e+00   0.0000000e+00   0.0000000e+00
   1.0000000e+00   1.0000000e+00   0.0000000e+00   0.0000000e+00
   1.0000000e+00   1.0000000e+00   0.0000000e+00   0.0000000e+00
   0.0000000e+00   1.0000000e+00   0.0000000e+00   0.0000000e+00
   0.0000000e+00   9.9632149e-01   0.0000000e+00   0.0000000e+00
   0.0000000e+00   9.5301753e-01   1.0000000e+00   0.0000000e+00
   0.0000000e+00   8.3204436e-01   1.0000000e+00   3.6785116e-03
   0.0000000e+00   6.4450965e-01   1.0000000e+00   4.6982472e-02
   0.0000000e+00   4.3399644e-01   1.0000000e+00   1.6795564e-01
   0.0000000e+00   2.4144173e-01   1.0000000e+00   3.5549035e-01
   0.0000000e+00   8.8855582e-02   1.0000000e+00   5.6600356e-01
   0.0000000e+00  -1.9255304e-02   1.0000000e+00   7.5855827e-01
   0.0000000e+00  -8.8236122e-02   1.0000000e+00   9.1114442e-01
   0.0000000e+00  -1.2668948e-01   1.0000000e+00   1.0192553e+00
   0.0000000e+00  -1.4291607e-01   1.0000000e+00   1.0882361e+00
   0.0000000e+00  -1.4372655e-01   1.0000000e+00   1.1266895e+00
   0.0000000e+00  -1.3442464e-01   1.0000000e+00   1.1429161e+00
   0.0000000e+00  -1.1911334e-01   1.0000000e+00   1.1437266e+00
   0.0000000e+00  -1.0095050e-01   1.0000000e+00   1.1344246e+00
   0.0000000e+00  -8.2288450e-02   1.0000000e+00   1.1191133e+00
   0.0000000e+00  -6.4753445e-02   0.0000000e+00   1.1009505e+00
   0.0000000e+00  -4.9327307e-02   0.0000000e+00   1.0786099e+00
   0.0000000e+00  -3.6458167e-02   0.0000000e+00   1.0177710e+00
   0.0000000e+00  -2.6195143e-02   0.0000000e+00   8.8137167e-01
   0.0000000e+00  -1.8326559e-02   0.0000000e+00   6.8096782e-01
   0.0000000e+00  -1.2501663e-02   0.0000000e+00   4.6019158e-01
