   1.0000000e+00   0.0000000e+00   0.0000000e+00   0.0000000e+00
   1.0000000e+00   3.6785116e-03   0.0000000e+00   0.0000000e+00
   1.0000000e+00   4.6982472e-02   0.0000000e+00   0.0000000e+00
   1.0000000e+00   1.6795564e-01   0.0000000e+00   0.0000000e+00
   1.0000000e+00   3.5549035e-01   0.0000000e+00   0.0000000e+00
   1.0000000e+00   5.6600356e-01   0.0000000e+00   0.0000000e+00
   1.0000000e+00   7.5855827e-01   0.0000000e+00   0.0000000e+00
   1.0000000e+00   9.1114442e-01   0.0000000e+00   0.0000000e+00
   1.0000000e+00   1.0192553e+00   0.0000000e+00   0.0000000e+00
   1.0000000e+00   1.0882361e+00   0.0000000e+00   0.0000000e+00
   1.0000000e+00   1.1266895e+00   0.0000000e+00   0.0000000e+00
   1.0000000e+00   1.1429161e+00   0.0000000e+00   0.0000000e+00
   1.0000000e+00   1.1437266e+00   0.0000000e+00   0.0000000e+00
   1.0000000e+00   1.1344246e+00   0.0000000e+00   0.0000000e+00
   1.0000000e+00   1.1191133e+00   0.0000000e+00   0.0000000e+00
   1.0000000e+00   1.1009505e+00   0.0000000e+00   0.0000000e+00
   1.0000000e+00   1.0822885e+00   0.0000000e+00   0.0000000e+00
   1.0000000e+00   1.0647534e+00   0.0000000e+00   0.0000000e+00
   1.0000000e+00   1.0493273e+00   0.0000000e+00   0.0000000e+00
   1.0000000e+00   1.0364582e+00   0.0000000e+00   0.0000000e+00
   1.0000000e+00   1.0261951e+00   0.0000000e+00   0.0000000e+00
   1.0000000e+00   1.0183266e+00   0.0000000e+00   0.0000000e+00
   1.0000000e+00   1.0125017e+00   0.0000000e+00   0.0000000e+00
   1.0000000e+00   1.0083238e+00   0.0000000e+00   0.0000000e+00
   1.0000000e+00   1.0054121e+00   0.0000000e+00   0.0000000e+00
   1.0000000e+00   1.0034354e+00   0.0000000e+00   0.0000000e+00
   1.0000000e+00   1.0021255e+00   0.0000000e+00   0.0000000e+00
   1.0000000e+00   1.0012766e+00   0.0000000e+00   0.0000000e+00
   1.0000000e+00   1.0007376e+00   0.0000000e+00   0.0000000e+00
   1.0000000e+00   1.0004020e+00   0.0000000e+00   0.0000000e+00
   1.0000000e+00   1.0001967e+00   0.0000000e+00   0.0000000e+00
   1.0000000e+00   1.0000732e+00   0.0000000e+00   0.0000000e+00
   1.0000000e+00   1.0000000e+00   0.0000000e+00   0.0000000e+00
   1.0000000e+00   1.0000000e+00   0.0000000e+00   0.0000000e+00
   1.0000000e+00   1.0000000e+00   0.0000000e+00   0.0000000e+00
   0.0000000e+00   1.0000000e+00   0.0000000e+00   0.0000000e+00
   0.0000000e+00   9.9632149e-01   0.0000000e+00   0.0000000e+00
   0.0000000e+00   9.5301753e-01   0.0000000e+00   0.0000000e+00
   0.0000000e+00   8.3204436e-01   1.0000000e+00   0.0000000e+00
   0.0000000e+00   6.4450965e-01   1.0000000e+00   3.6785116e-03
   0.0000000e+00   4.3399644e-01   1.0000000e+00   4.6982472e-02
   0.0000000e+00   2.4144173e-01   1.0000000e+00   1.6795564e-01
   0.0000000e+00   8.8855582e-02   1.0000000e+00   3.5549035e-01
   0.0000000e+00  -1.9255304e-02   1.0000000e+00   5.6600356e-01
   0.0000000e+00  -8.8236122e-02   1.0000000e+00   7.5855827e-01
   0.0000000e+00  -1.2668948e-01   1.0000000e+00   9.1114442e-01
   0.0000000e+00  -1.4291607e-01   1.0000000e+00   1.0192553e+00
   0.0000000e+00  -1.4372655e-01   1.0000000e+00   1.0882361e+00
   0.0000000e+00  -1.3442464e-01   1.0000000e+00   1.1266895e+00
   0.0000000e+00  -1.1911334e-01   1.0000000e+00   1.1429161e+00
   0.0000000e+00  -1.0095050e-01   1.0000000e+00   1.1437266e+00
   0.0000000e+00  -8.2288450e-02   1.0000000e+00   1.1344246e+00
   0.0000000e+00  -6.4753445e-02   1.0000000e+00   1.1191133e+00
   0.0000000e+00  -4.9327307e-02   1.0000000e+00   1.1009505e+00
   0.0000000e+00  -3.6458167e-02   1.0000000e+00   1.0822885e+00
   0.0000000e+00  -2.6195143e-02   1.0000000e+00   1.0647534e+00
   0.0000000e+00  -1.8326559e-02   1.0000000e+00   1.0493273e+00
   0.0000000e+00  -1.2501663e-02   1.0000000e+00   1.0364582e+00
   0.0000000e+00  -8.3237883e-03   1.0000000e+00   1.0261951e+00
   0.0000000e+00  -5.4120659e-03   1.0000000e+00   1.0183266e+00
   0.0000000e+00  -3.4353820e-03   1.0000000e+00   1.0125017e+00
   0.0000000e+00  -2.1254780e-03   1.0000000e+00   1.0083238e+00
   0.0000000e+00  -1.2765624e-03   0.0000000e+00   1.0054121e+00
   0.0000000e+00  -7.3764018e-04   0.0000000e+00   9.9975687e-01
   1.0000000e+00  -4.0201117e-04   0.0000000e+00   9.5514301e-01
   1.0000000e+00   3.4818213e-03   0.0000000e+00   8.3332093e-01
   1.0000000e+00   4.6909308e-02   0.0000000e+00   6.4524729e-01
   1.0000000e+00   1.6795564e-01   0.0000000e+00   4.3439845e-01
   1.0000000e+00   3.5549035e-01   0.0000000e+00   2.4163842e-01
   1.0000000e+00   5.6600356e-01   0.0000000e+00   8.8928746e-02
   1.0000000e+00   7.5855827e-01   0.0000000e+00  -1.9255304e-02
   1.0000000e+00   9.1114442e-01   0.0000000e+00  -8.8236122e-02
   1.0000000e+00   1.0192553e+00   0.0000000e+00  -1.2668948e-01
   1.0000000e+00   1.0882361e+00   0.0000000e+00  -1.4291607e-01
   1.0000000e+00   1.1266895e+00   0.0000000e+00  -1.4372655e-01
   1.0000000e+00   1.1429161e+00   0.0000000e+00  -1.3442464e-01
   1.0000000e+00   1.1437266e+00   0.0000000e+00  -1.1911334e-01
   1.0000000e+00   1.1344246e+00   0.0000000e+00  -1.0095050e-01
   1.0000000e+00   1.1191133e+00   0.0000000e+00  -8.2288450e-02
   1.0000000e+00   1.1009505e+00   0.0000000e+00  -6.4753445e-02
   1.0000000e+00   1.0822885e+00   0.0000000e+00  -4.9327307e-02
   1.0000000e+00   1.0647534e+00   0.0000000e+00  -3.6458167e-02
   1.0000000e+00   1.0493273e+00   0.0000000e+00  -2.6195143e-02
   1.0000000e+00   1.0364582e+00   0.0000000e+00  -1.8326559e-02
   1.0000000e+00   1.0261951e+00   0.0000000e+00  -1.2501663e-02
   1.0000000e+00   1.0183266e+00   0.0000000e+00  -8.3237883e-03
   1.0000000e+00   1.0125017e+00   0.0000000e+00  -5.4120659e-03
   1.0000000e+00   1.0083238e+00   0.0000000e+00  -3.4353820e-03
   1.0000000e+00   1.0054121e+00   0.0000000e+00  -2.1254780e-03
   1.0000000e+00   1.0034354e+00   0.0000000e+00  -1.2765624e-03
   1.0000000e+00   1.0021255e+00   0.0000000e+00  -7.3764018e-04
   1.0000000e+00   1.0012766e+00   0.0000000e+00  -4.0201117e-04
   1.0000000e+00   1.0007376e+00   0.0000000e+00  -1.9669022e-04
   1.0000000e+00   1.0004020e+00   0.0000000e+00  -7.3164098e-05
   1.0000000e+00   1.0001967e+00   0.0000000e+00   0.0000000e+00
   1.0000000e+00   1.0000732e+00   0.0000000e+00   0.0000000e+00
   1.0000000e+00   1.0000000e+00   0.0000000e+00   0.0000000e+00
   1.0000000e+00   1.0000000e+00   0.0000000e+00   0.0000000e+00
   1.0000000e+00   1.0000000e+00   0.0000000e+00   0.0000000e+00
   1.0000000e+00   1.0000000e+00   0.0000000e+00   0.0000000e+00
   1.0000000e+00   1.0000000e+00   0.0000000e+00   0.0000000e+00
   1.0000000e+00   1.0000000e+00   0.0000000e+00   0.0000000e+00
   0.0000000e+00   1.0000000e+00   0.0000000e+00   0.0000000e+00
   0.0000000e+00   9.9632149e-01   0.0000000e+00   0.0000000e+00
   0.0000000e+00   9.5301753e-01   1.0000000e+00   0.0000000e+00
   0.0000000e+00   8.3204436e-01   1.0000000e+00   3.6785116e-03
   0.0000000e+00   6.4450965e-01   1.0000000e+00   4.6982472e-02
   0.0000000e+00   4.3399644e-01   1.0000000e+00   1.6795564e-01
   0.0000000e+00   2.4144173e-01   1.0000000e+00   3.5549035e-01
   0.0000000e+00   8.8855582e-02   1.0000000e+00   5.6600356e-01
   0.0000000e+00  -1.9255304e-02   1.0000000e+00   7.5855827e-01
   0.0000000e+00  -8.8236122e-02   1.0000000e+00   9.1114442e-01
   0.0000000e+00  -1.2668948e-01   1.0000000e+00   1.0192553e+00
   0.0000000e+00  -1.4291607e-01   1.0000000e+00   1.0882361e+00
   0.0000000e+00  -1.4372655e-01   1.0000000e+00   1.1266895e+00
   0.0000000e+00  -1.3442464e-01   1.0000000e+00   1.1429161e+00
   0.0000000e+00  -1.1911334e-01   1.0000000e+00   1.1437266e+00
   0.0000000e+00  -1.0095050e-01   1.0000000e+00   1.1344246e+00
   0.0000000e+00  -8.2288450e-02   1.0000000e+00   1.1191133e+00
   0.0000000e+00  -6.4753445e-02   1.0000000e+00   1.1009505e+00
   0.0000000e+00  -4.9327307e-02   1.0000000e+00   1.0822885e+00
   0.0000000e+00  -3.6458167e-02   1.0000000e+00   1.0647534e+00
   0.0000000e+00  -2.6195143e-02   1.0000000e+00   1.0493273e+00
   0.0000000e+00  -1.8326559e-02   1.0000000e+00   1.0364582e+00
   0.0000000e+00  -1.2501663e-02   1.0000000e+00   1.0261951e+00
   0.0000000e+00  -8.3237883e-03   1.0000000e+00   1.0183266e+00
   0.0000000e+00  -5.4120659e-03   1.0000000e+00   1.0125017e+00
   0.0000000e+00  -3.4353820e-03   1.0000000e+00   1.0083238e+00
   0.0000000e+00  -2.1254780e-03   1.0000000e+00   1.0054121e+00
   0.0000000e+00  -1.2765624e-03   1.0000000e+00   1.0034354e+00
   0.0000000e+00  -7.3764018e-04   1.0000000e+00   1.0021255e+00
   0.0000000e+00  -4.0201117e-04   1.0000000e+00   1.0012766e+00
   0.0000000e+00  -1.9669022e-04   1.0000000e+00   1.0007376e+00
   0.0000000e+00  -7.3164098e-05   1.0000000e+00   1.0004020e+00
   0.0000000e+00   0.0000000e+00   0.0000000e+00   1.0001967e+00
   0.0000000e+00   0.0000000e+00   0.0000000e+00   9.9639465e-01
   0.0000000e+00   0.0000000e+00   0.0000000e+00   9.5301753e-01
   1.0000000e+00   0.0000000e+00   0.0000000e+00   8.3204436e-01
   1.0000000e+00   3.6785116e-03   0.0000000e+00   6.4450965e-01
   1.0000000e+00   4.6982472e-02   0.0000000e+00   4.3399644e-01
   1.0000000e+00   1.6795564e-01   0.0000000e+00   2.4144173e-01
   1.0000000e+00   3.5549035e-01   0.0000000e+00   8.8855582e-02
   1.0000000e+00   5.6600356e-01   0.0000000e+00  -1.9255304e-02
   1.0000000e+00   7.5855827e-01   0.0000000e+00  -8.8236122e-02
   1.0000000e+00   9.1114442e-01   0.0000000e+00  -1.2668948e-01
   1.0000000e+00   1.0192553e+00   0.0000000e+00  -1.4291607e-01
   1.0000000e+00   1.0882361e+00   0.0000000e+00  -1.4372655e-01
   1.0000000e+00   1.1266895e+00   0.0000000e+00  -1.3442464e-01
   1.0000000e+00   1.1429161e+00   0.0000000e+00  -1.1911334e-01
   1.0000000e+00   1.1437266e+00   0.0000000e+00  -1.0095050e-01
   1.0000000e+00   1.1344246e+00   0.0000000e+00  -8.2288450e-02
   1.0000000e+00   1.1191133e+00   0.0000000e+00  -6.4753445e-02
   1.0000000e+00   1.1009505e+00   0.0000000e+00  -4.9327307e-02
   1.0000000e+00   1.0822885e+00   0.0000000e+00  -3.6458167e-02
   1.0000000e+00   1.0647534e+00   0.0000000e+00  -2.6195143e-02
   1.0000000e+00   1.0493273e+00   0.0000000e+00  -1.8326559e-02
   1.0000000e+00   1.0364582e+00   0.0000000e+00  -1.2501663e-02
   1.0000000e+00   1.0261951e+00   0.0000000e+00  -8.3237883e-03
   1.0000000e+00   1.0183266e+00   0.0000000e+00  -5.4120659e-03
   1.0000000e+00   1.0125017e+00   0.0000000e+00  -3.4353820e-03
   1.0000000e+00   1.0083238e+00   0.0000000e+00  -2.1254780e-03
   1.0000000e+00   1.0054121e+00   0.0000000e+00  -1.2765624e-03
   1.0000000e+00   1.0034354e+00   0.0000000e+00  -7.3764018e-04
   1.0000000e+00   1.0021255e+00   0.0000000e+00  -4.0201117e-04
   1.0000000e+00   1.0012766e+00   0.0000000e+00  -1.9669022e-04
   1.0000000e+00   1.0007376e+00   0.0000000e+00  -7.3164098e-05
   1.0000000e+00   1.0004020e+00   0.0000000e+00   0.0000000e+00
   1.0000000e+00   1.0001967e+00   0.0000000e+00   0.0000000e+00
   1.0000000e+00   1.0000732e+00   0.0000000e+00   0.0000000e+00
   1.0000000e+00   1.0000000e+00   0.0000000e+00   0.0000000e+00
   1.0000000e+00   1.0000000e+00   0.0000000e+00   0.0000000e+00
   1.0000000e+00   1.0000000e+00   0.0000000e+00   0.0000000e+00
   1.0000000e+00   1.0000000e+00   0.0000000e+00   0.0000000e+00
   0.0000000e+00   1.0000000e+00   0.0000000e+00   0.0000000e+00
   0.0000000e+00   9.9632149e-01   0.0000000e+00   0.0000000e+00
   0.0000000e+00   9.5301753e-01   1.0000000e+00   0.0000000e+00
   0.0000000e+00   8.3204436e-01   1.0000000e+00   3.6785116e-03
   0.0000000e+00   6.4450965e-01   1.0000000e+00   4.6982472e-02
   0.0000000e+00   4.3399644e-01   1.0000000e+00   1.6795564e-01
   0.0000000e+00   2.4144173e-01   1.0000000e+00   3.5549035e-01
   0.0000000e+00   8.8855582e-02   1.0000000e+00   5.6600356e-01
   0.0000000e+00  -1.9255304e-02   1.0000000e+00   7.5855827e-01
   0.0000000e+00  -8.8236122e-02   1.0000000e+00   9.1114442e-01
   0.0000000e+00  -1.2668948e-01   1.0000000e+00   1.0192553e+00
   0.0000000e+00  -1.4291607e-01   1.0000000e+00   1.0882361e+00
   0.0000000e+00  -1.4372655e-01   1.0000000e+00   1.1266895e+00
   0.0000000e+00  -1.3442464e-01   1.0000000e+00   1.1429161e+00
   0.0000000e+00  -1.1911334e-01   1.0000000e+00   1.1437266e+00
   0.0000000e+00  -1.0095050e-01   1.0000000e+00   1.1344246e+00
   0.0000000e+00  -8.2288450e-02   1.0000000e+00   1.1191133e+00
   0.0000000e+00  -6.4753445e-02   1.0000000e+00   1.1009505e+00
   0.0000000e+00  -4.9327307e-02   1.0000000e+00   1.0822885e+00
   0.0000000e+00  -3.6458167e-02   1.0000000e+00   1.0647534e+00
   0.0000000e+00  -2.6195143e-02   1.0000000e+00   1.0493273e+00
   0.0000000e+00  -1.8326559e-02   1.0000000e+00   1.0364582e+00
   0.0000000e+00  -1.2501663e-02   1.0000000e+00   1.0261951e+00
   0.0000000e+00  -8.3237883e-03   1.0000000e+00   1.0183266e+00
   0.0000000e+00  -5.4120659e-03   1.0000000e+00   1.0125017e+00
   0.0000000e+00  -3.4353820e-03   1.0000000e+00   1.0083238e+00
   0.0000000e+00  -2.1254780e-03   1.0000000e+00   1.0054121e+00
   0.0000000e+00  -1.2765624e-03   1.0000000e+00   1.0034354e+00
   0.0000000e+00  -7.3764018e-04   1.0000000e+00   1.0021255e+00
   0.0000000e+00  -4.0201117e-04   1.0000000e+00   1.0012766e+00
   0.0000000e+00  -1.9669022e-04   1.0000000e+00   1.0007376e+00
   0.0000000e+00  -7.3164098e-05   1.0000000e+00   1.0004020e+00
   0.0000000e+00   0.0000000e+00   1.0000000e+00   1.0001967e+00
   0.0000000e+00   0.0000000e+00   1.0000000e+00   1.0000732e+00
   0.0000000e+00   0.0000000e+00   1.0000000e+00   1.0000000e+00
   0.0000000e+00   0.0000000e+00   1.0000000e+00   1.0000000e+00
   0.0000000e+00   0.0000000e+00   1.0000000e+00   1.0000000e+00
   0.0000000e+00   0.0000000e+00   1.0000000e+00   1.0000000e+00
   0.0000000e+00   0.0000000e+00   1.0000000e+00   1.0000000e+00
   0.0000000e+00   0.0000000e+00   1.0000000e+00   1.0000000e+00
   0.0000000e+00   0.0000000e+00   1.0000000e+00   1.0000000e+00
   0.0000000e+00   0.0000000e+00   1.0000000e+00   1.0000000e+00
   0.0000000e+00   0.0000000e+00   1.0000000e+00   1.0000000e+00
   0.0000000e+00   0.0000000e+00   1.0000000e+00   1.0000000e+00
   0.0000000e+00   0.0000000e+00   1.0000000e+00   1.0000000e+00
   0.0000000e+00   0.0000000e+00   1.0000000e+00   1.0000000e+00
   0.0000000e+00   0.0000000e+00   1.0000000e+00   1.0000000e+00
   0.0000000e+00   0.0000000e+00   1.0000000e+00   1.0000000e+00
   0.0000000e+00   0.0000000e+00   1.0000000e+00   1.0000000e+00
   0.0000000e+00   0.0000000e+00   1.0000000e+00   1.0000000e+00
   0.0000000e+00   0.0000000e+00   1.0000000e+00   1.0000000e+00
   0.0000000e+00   0.0000000e+00   1.0000000e+00   1.0000000e+00
   0.0000000e+00   0.0000000e+00   1.0000000e+00   1.0000000e+00
   0.0000000e+00   0.0000000e+00   1.0000000e+00   1.0000000e+00
   0.0000000e+00   0.0000000e+00   1.0000000e+00   1.0000000e+00
   0.0000000e+00   0.0000000e+00   1.0000000e+00   1.0000000e+00
   0.0000000e+00   0.0000000e+00   1.0000000e+00   1.0000000e+00
   0.0000000e+00   0.0000000e+00   1.0000000e+00   1.0000000e+00
   0.0000000e+00   0.0000000e+00   1.0000000e+00   1.0000000e+00
   0.0000000e+00   0.0000000e+00   1.0000000e+00   1.0000000e+00
   0.0000000e+00   0.0000000e+00   1.0000000e+00   1.0000000e+00
   0.0000000e+00   0.0000000e+00   0.0000000e+00   1.0000000e+00
   0.0000000e+00   0.0000000e+00   0.0000000e+00   9.9632149e-01
   0.0000000e+00   0.0000000e+00   0.0000000e+00   9.5301753e-01
   1.0000000e+00   0.0000000e+00   0.0000000e+00   8.3204436e-01
   1.0000000e+00   3.6785116e-03   0.0000000e+00   6.4450965e-01
   1.0000000e+00   4.6982472e-02   0.0000000e+00   4.3399644e-01
   1.0000000e+00   1.6795564e-01   0.0000000e+00   2.4144173e-01
   1.0000000e+00   3.5549035e-01   0.0000000e+00   8.8855582e-02
   1.0000000e+00   5.6600356e-01   0.0000000e+00  -1.9255304e-02
   1.0000000e+00   7.5855827e-01   0.0000000e+00  -8.8236122e-02
   1.0000000e+00   9.1114442e-01   0.0000000e+00  -1.2668948e-01
   1.0000000e+00   1.0192553e+00   0.0000000e+00  -1.4291607e-01
   1.0000000e+00   1.0882361e+00   0.0000000e+00  -1.4372655e-01
   1.0000000e+00   1.1266895e+00   0.0000000e+00  -1.3442464e-01
   1.0000000e+00   1.1429161e+00   0.0000000e+00  -1.1911334e-01
   1.0000000e+00   1.1437266e+00   0.0000000e+00  -1.0095050e-01
   1.0000000e+00   1.1344246e+00   0.0000000e+00  -8.2288450e-02
   1.0000000e+00   1.1191133e+00   0.0000000e+00  -6.4753445e-02
   1.0000000e+00   1.1009505e+00   0.0000000e+00  -4.9327307e-02
   1.0000000e+00   1.0822885e+00   0.0000000e+00  -3.6458167e-02
   1.0000000e+00   1.0647534e+00   0.0000000e+00  -2.6195143e-02
   1.0000000e+00   1.0493273e+00   0.0000000e+00  -1.8326559e-02
   1.0000000e+00   1.0364582e+00   0.0000000e+00  -1.2501663e-02
   1.0000000e+00   1.0261951e+00   0.0000000e+00  -8.3237883e-03
   1.0000000e+00   1.0183266e+00   0.0000000e+00  -5.4120659e-03
   1.0000000e+00   1.0125017e+00   0.0000000e+00  -3.4353820e-03
   1.0000000e+00   1.0083238e+00   0.0000000e+00  -2.1254780e-03
   1.0000000e+00   1.0054121e+00   0.0000000e+00  -1.2765624e-03
   1.0000000e+00   1.0034354e+00   0.0000000e+00  -7.3764018e-04
   1.0000000e+00   1.0021255e+00   0.0000000e+00  -4.0201117e-04
   1.0000000e+00   1.0012766e+00   0.0000000e+00  -1.9669022e-04
   1.0000000e+00   1.0007376e+00   0.0000000e+00  -7.3164098e-05
   1.0000000e+00   1.0004020e+00   0.0000000e+00   0.0000000e+00
   1.0000000e+00   1.0001967e+00   0.0000000e+00   0.0000000e+00
   1.0000000e+00   1.0000732e+00   0.0000000e+00   0.0000000e+00
   1.0000000e+00   1.0000000e+00   0.0000000e+00   0.0000000e+00
   1.0000000e+00   1.0000000e+00   0.0000000e+00   0.0000000e+00
   1.0000000e+00   1.0000000e+00   0.0000000e+00   0.0000000e+00
   1.0000000e+00   1.0000000e+00   0.0000000e+00   0.0000000e+00
   1.0000000e+00   1.0000000e+00   0.0000000e+00   0.0000000e+00
   1.0000000e+00   1.0000000e+00   0.0000000e+00   0.0000000e+00
   1.0000000e+00   1.0000000e+00   0.0000000e+00   0.0000000e+00
   1.0000000e+00   1.0000000e+00   0.0000000e+00   0.0000000e+00
   1.0000000e+00   1.0000000e+00   0.0000000e+00   0.0000000e+00
   0.0000000e+00   1.0000000e+00   0.0000000e+00   0.0000000e+00
   0.0000000e+00   9.9632149e-01   0.0000000e+00   0.0000000e+00
   0.0000000e+00   9.5301753e-01   1.0000000e+00   0.0000000e+00
   0.0000000e+00   8.3204436e-01   1.0000000e+00   3.6785116e-03
   0.0000000e+00   6.4450965e-01   1.0000000e+00   4.6982472e-02
   0.0000000e+00   4.3399644e-01   1.0000000e+00   1.6795564e-01
   0.0000000e+00   2.4144173e-01   1.0000000e+00   3.5549035e-01
   0.0000000e+00   8.8855582e-02   1.0000000e+00   5.6600356e-01
   0.0000000e+00  -1.9255304e-02   1.0000000e+00   7.5855827e-01
   0.0000000e+00  -8.8236122e-02   1.0000000e+00   9.1114442e-01
   0.0000000e+00  -1.2668948e-01   1.0000000e+00   1.0192553e+00
   0.0000000e+00  -1.4291607e-01   1.0000000e+00   1.0882361e+00
   0.0000000e+00  -1.4372655e-01   1.0000000e+00   1.1266895e+00
   0.0000000e+00  -1.3442464e-01   1.0000000e+00   1.1429161e+00
   0.0000000e+00  -1.1911334e-01   1.0000000e+00   1.1437266e+00
   0.0000000e+00  -1.0095050e-01   1.0000000e+00   1.1344246e+00
   0.0000000e+00  -8.2288450e-02   1.0000000e+00   1.1191133e+00
   0.0000000e+00  -6.4753445e-02   0.0000000e+00   1.1009505e+00
   0.0000000e+00  -4.9327307e-02   1.0000000e+00   1.0786099e+00
   0.0000000e+00  -3.6458167e-02   1.0000000e+00   1.0214495e+00
   0.0000000e+00  -2.6195143e-02   1.0000000e+00   9.2835414e-01
   0.0000000e+00  -1.8326559e-02   1.0000000e+00   8.4892345e-01
   0.0000000e+00  -1.2501663e-02   1.0000000e+00   8.1568193e-01
   0.0000000e+00  -8.3237883e-03   1.0000000e+00   8.2577185e-01
   0.0000000e+00  -5.4120659e-03   1.0000000e+00   8.5991552e-01
   0.0000000e+00  -3.4353820e-03   1.0000000e+00   9.0021290e-01
   0.0000000e+00  -2.1254780e-03   1.0000000e+00   9.3643125e-01
   0.0000000e+00  -1.2765624e-03   1.0000000e+00   9.6498202e-01
   0.0000000e+00  -7.3764018e-04   1.0000000e+00   9.8589889e-01
   0.0000000e+00  -4.0201117e-04   1.0000000e+00   1.0004661e+00
   0.0000000e+00  -1.9669022e-04   1.0000000e+00   1.0100396e+00
   0.0000000e+00  -7.3164098e-05   1.0000000e+00   1.0157133e+00
   0.0000000e+00   0.0000000e+00   0.0000000e+00   1.0183595e+00
