   1.0000000e+00   0.0000000e+00   0.0000000e+00   0.0000000e+00
   1.0000000e+00   3.6785116e-03   0.0000000e+00   0.0000000e+00
   1.0000000e+00   4.6982472e-02   0.0000000e+00   0.0000000e+00
   1.0000000e+00   1.6795564e-01   0.0000000e+00   0.0000000e+00
   1.0000000e+00   3.5549035e-01   0.0000000e+00   0.0000000e+00
   1.0000000e+00   5.6600356e-01   0.0000000e+00   0.0000000e+00
   1.0000000e+00   7.5855827e-01   0.0000000e+00   0.0000000e+00
   1.0000000e+00   9.1114442e-01   0.0000000e+00   0.0000000e+00
   1.0000000e+00   1.0192553e+00   0.0000000e+00   0.0000000e+00
   1.0000000e+00   1.0882361e+00   0.0000000e+00   0.0000000e+00
   1.0000000e+00   1.1266895e+00   0.0000000e+00   0.0000000e+00
   1.0000000e+00   1.1429161e+00   0.0000000e+00   0.0000000e+00
   1.0000000e+00   1.1437266e+00   0.0000000e+00   0.0000000e+00
   1.0000000e+00   1.1344246e+00   0.0000000e+00   0.0000000e+00
   1.0000000e+00   1.1191133e+00   0.0000000e+00   0.0000000e+00
   1.0000000e+00   1.1009505e+00   0.0000000e+00   0.0000000e+00
   1.0000000e+00   1.0822885e+00   0.0000000e+00   0.0000000e+00
   1.0000000e+00   1.0647534e+00   0.0000000e+00   0.0000000e+00
   1.0000000e+00   1.0493273e+00   0.0000000e+00   0.0000000e+00
   1.0000000e+00   1.0364582e+00   0.0000000e+00   0.0000000e+00
   1.0000000e+00   1.0261951e+00   0.0000000e+00   0.0000000e+00
   1.0000000e+00   1.0183266e+00   0.0000000e+00   0.0000000e+00
   1.0000000e+00   1.0125017e+00   0.0000000e+00   0.0000000e+00
   1.0000000e+00   1.0083238e+00   0.0000000e+00   0.0000000e+00
   1.0000000e+00   1.0054121e+00   0.0000000e+00   0.0000000e+00
   1.0000000e+00   1.0034354e+00   0.0000000e+00   0.0000000e+00
   1.0000000e+00   1.0021255e+00   0.0000000e+00   0.0000000e+00
   1.0000000e+00   1.0012766e+00   0.0000000e+00   0.0000000e+00
   1.0000000e+00   1.0007376e+00   0.0000000e+00   0.0000000e+00
   1.0000000e+00   1.0004020e+00   0.0000000e+00   0.0000000e+00
   1.0000000e+00   1.0001967e+00   0.0000000e+00   0.0000000e+00
   1.0000000e+00   1.0000732e+00   0.0000000e+00   0.0000000e+00
   1.0000000e+00   1.0000000e+00   0.0000000e+00   0.0000000e+00
   1.0000000e+00   1.0000000e+00   0.0000000e+00   0.0000000e+00
   1.0000000e+00   1.0000000e+00   0.0000000e+00   0.0000000e+00
   0.0000000e+00   1.0000000e+00   0.0000000e+00   0.0000000e+00
   0.0000000e+00   9.9632149e-01   0.0000000e+00   0.0000000e+00
   0.0000000e+00   9.5301753e-01   1.0000000e+00   0.0000000e+00
   0.0000000e+00   8.3204436e-01   1.0000000e+00   3.6785116e-03
   0.0000000e+00   6.4450965e-01   1.0000000e+00   4.6982472e-02
   0.0000000e+00   4.3399644e-01   1.0000000e+00   1.6795564e-01
   0.0000000e+00   2.4144173e-01   1.0000000e+00   3.5549035e-01
   0.0000000e+00   8.8855582e-02   1.0000000e+00   5.6600356e-01
   0.0000000e+00  -1.9255304e-02   1.0000000e+00   7.5855827e-01
   0.0000000e+00  -8.8236122e-02   1.0000000e+00   9.1114442e-01
   0.0000000e+00  -1.2668948e-01   1.0000000e+00   1.0192553e+00
   0.0000000e+00  -1.4291607e-01   1.0000000e+00   1.0882361e+00
   0.0000000e+00  -1.4372655e-01   1.0000000e+00   1.1266895e+00
   0.0000000e+00  -1.3442464e-01   0.0000000e+00   1.1429161e+00
   0.0000000e+00  -1.1911334e-01   1.0000000e+00   1.1400480e+00
   0.0000000e+00  -1.0095050e-01   1.0000000e+00   1.0911207e+00
   0.0000000e+00  -8.2288450e-02   1.0000000e+00   9.9814017e-01
   0.0000000e+00  -6.4753445e-02   1.0000000e+00   9.1341579e-01
   0.0000000e+00  -4.9327307e-02   1.0000000e+00   8.7177524e-01
   0.0000000e+00  -3.6458167e-02   1.0000000e+00   8.7219873e-01
   0.0000000e+00  -2.6195143e-02   1.0000000e+00   8.9674116e-01
   0.0000000e+00  -1.8326559e-02   1.0000000e+00   9.2834728e-01
   0.0000000e+00  -1.2501663e-02   1.0000000e+00   9.5721432e-01
   0.0000000e+00  -8.3237883e-03   1.0000000e+00   9.7987320e-01
   0.0000000e+00  -5.4120659e-03   1.0000000e+00   9.9627507e-01
   0.0000000e+00  -3.4353820e-03   1.0000000e+00   1.0075133e+00
   0.0000000e+00  -2.1254780e-03   1.0000000e+00   1.0147140e+00
   0.0000000e+00  -1.2765624e-03   1.0000000e+00   1.0187467e+00
   0.0000000e+00  -7.3764018e-04   1.0000000e+00   1.0202883e+00
   0.0000000e+00  -4.0201117e-04   1.0000000e+00   1.0199386e+00
   0.0000000e+00  -1.9669022e-04   1.0000000e+00   1.0182726e+00
   0.0000000e+00  -7.3164098e-05   1.0000000e+00   1.0158281e+00
   0.0000000e+00   0.0000000e+00   1.0000000e+00   1.0130658e+00
   0.0000000e+00   0.0000000e+00   1.0000000e+00   1.0103362e+00
   0.0000000e+00   0.0000000e+00   1.0000000e+00   1.0078686e+00
   0.0000000e+00   0.0000000e+00   1.0000000e+00   1.0058249e+00
   0.0000000e+00   0.0000000e+00   0.0000000e+00   1.0041779e+00
   0.0000000e+00   0.0000000e+00   0.0000000e+00   9.9923321e-01
   0.0000000e+00   0.0000000e+00   0.0000000e+00   9.5499421e-01
   1.0000000e+00   0.0000000e+00   0.0000000e+00   8.3335427e-01
   1.0000000e+00   3.6785116e-03   0.0000000e+00   6.4535856e-01
   1.0000000e+00   4.6982472e-02   0.0000000e+00   4.3453536e-01
   1.0000000e+00   1.6795564e-01   0.0000000e+00   2.4177736e-01
   1.0000000e+00   3.5549035e-01   0.0000000e+00   8.9060903e-02
   1.0000000e+00   5.6600356e-01   0.0000000e+00  -1.9131778e-02
   1.0000000e+00   7.5855827e-01   0.0000000e+00  -8.8162958e-02
   1.0000000e+00   9.1114442e-01   0.0000000e+00  -1.2668948e-01
   1.0000000e+00   1.0192553e+00   0.0000000e+00  -1.4291607e-01
   1.0000000e+00   1.0882361e+00   0.0000000e+00  -1.4372655e-01
   1.0000000e+00   1.1266895e+00   0.0000000e+00  -1.3442464e-01
   1.0000000e+00   1.1429161e+00   0.0000000e+00  -1.1911334e-01
   1.0000000e+00   1.1437266e+00   0.0000000e+00  -1.0095050e-01
   1.0000000e+00   1.1344246e+00   0.0000000e+00  -8.2288450e-02
   1.0000000e+00   1.1191133e+00   0.0000000e+00  -6.4753445e-02
   1.0000000e+00   1.1009505e+00   0.0000000e+00  -4.9327307e-02
   1.0000000e+00   1.0822885e+00   0.0000000e+00  -3.6458167e-02
   1.0000000e+00   1.0647534e+00   0.0000000e+00  -2.6195143e-02
   1.0000000e+00   1.0493273e+00   0.0000000e+00  -1.8326559e-02
   1.0000000e+00   1.0364582e+00   0.0000000e+00  -1.2501663e-02
   1.0000000e+00   1.0261951e+00   0.0000000e+00  -8.3237883e-03
   1.0000000e+00   1.0183266e+00   0.0000000e+00  -5.4120659e-03
   1.0000000e+00   1.0125017e+00   0.0000000e+00  -3.4353820e-03
   1.0000000e+00   1.0083238e+00   0.0000000e+00  -2.1254780e-03
   1.0000000e+00   1.0054121e+00   0.0000000e+00  -1.2765624e-03
   1.0000000e+00   1.0034354e+00   0.0000000e+00  -7.3764018e-04
   1.0000000e+00   1.0021255e+00   0.0000000e+00  -4.0201117e-04
   1.0000000e+00   1.0012766e+00   0.0000000e+00  -1.9669022e-04
   1.0000000e+00   1.0007376e+00   0.0000000e+00  -7.3164098e-05
   1.0000000e+00   1.0004020e+00   0.0000000e+00   0.0000000e+00
   1.0000000e+00   1.0001967e+00   0.0000000e+00   0.0000000e+00
   1.0000000e+00   1.0000732e+00   0.0000000e+00   0.0000000e+00
   1.0000000e+00   1.0000000e+00   0.0000000e+00   0.0000000e+00
   1.0000000e+00   1.0000000e+00   0.0000000e+00   0.0000000e+00
   1.0000000e+00   1.0000000e+00   0.0000000e+00   0.0000000e+00
   1.0000000e+00   1.0000000e+00   0.0000000e+00   0.0000000e+00
   1.0000000e+00   1.0000000e+00   0.0000000e+00   0.0000000e+00
   1.0000000e+00   1.0000000e+00   0.0000000e+00   0.0000000e+00
   0.0000000e+00   1.0000000e+00   0.0000000e+00   0.0000000e+00
   0.0000000e+00   9.9632149e-01   0.0000000e+00   0.0000000e+00
   0.0000000e+00   9.5301753e-01   1.0000000e+00   0.0000000e+00
   0.0000000e+00   8.3204436e-01   1.0000000e+00   3.6785116e-03
   0.0000000e+00   6.4450965e-01   1.0000000e+00   4.6982472e-02
   0.0000000e+00   4.3399644e-01   1.0000000e+00   1.6795564e-01
   0.0000000e+00   2.4144173e-01   1.0000000e+00   3.5549035e-01
   0.0000000e+00   8.8855582e-02   1.0000000e+00   5.6600356e-01
   0.0000000e+00  -1.9255304e-02   1.0000000e+00   7.5855827e-01
   0.0000000e+00  -8.8236122e-02   1.0000000e+00   9.1114442e-01
   0.0000000e+00  -1.2668948e-01   1.0000000e+00   1.0192553e+00
   0.0000000e+00  -1.4291607e-01   1.0000000e+00   1.0882361e+00
   0.0000000e+00  -1.4372655e-01   1.0000000e+00   1.1266895e+00
   0.0000000e+00  -1.3442464e-01   1.0000000e+00   1.1429161e+00
   0.0000000e+00  -1.1911334e-01   1.0000000e+00   1.1437266e+00
   0.0000000e+00  -1.0095050e-01   1.0000000e+00   1.1344246e+00
   0.0000000e+00  -8.2288450e-02   1.0000000e+00   1.1191133e+00
   0.0000000e+00  -6.4753445e-02   1.0000000e+00   1.1009505e+00
   0.0000000e+00  -4.9327307e-02   1.0000000e+00   1.0822885e+00
   0.0000000e+00  -3.6458167e-02   1.0000000e+00   1.0647534e+00
   0.0000000e+00  -2.6195143e-02   1.0000000e+00   1.0493273e+00
   0.0000000e+00  -1.8326559e-02   1.0000000e+00   1.0364582e+00
   0.0000000e+00  -1.2501663e-02   1.0000000e+00   1.0261951e+00
   0.0000000e+00  -8.3237883e-03   1.0000000e+00   1.0183266e+00
   0.0000000e+00  -5.4120659e-03   1.0000000e+00   1.0125017e+00
   0.0000000e+00  -3.4353820e-03   1.0000000e+00   1.0083238e+00
   0.0000000e+00  -2.1254780e-03   0.0000000e+00   1.0054121e+00
   0.0000000e+00  -1.2765624e-03   0.0000000e+00   9.9975687e-01
   1.0000000e+00  -7.3764018e-04   0.0000000e+00   9.5514301e-01
   1.0000000e+00   3.2765004e-03   0.0000000e+00   8.3332093e-01
   1.0000000e+00   4.6785782e-02   0.0000000e+00   6.4524729e-01
   1.0000000e+00   1.6788247e-01   0.0000000e+00   4.3439845e-01
   1.0000000e+00   3.5549035e-01   0.0000000e+00   2.4163842e-01
   1.0000000e+00   5.6600356e-01   0.0000000e+00   8.8928746e-02
   1.0000000e+00   7.5855827e-01   0.0000000e+00  -1.9255304e-02
   1.0000000e+00   9.1114442e-01   0.0000000e+00  -8.8236122e-02
   1.0000000e+00   1.0192553e+00   0.0000000e+00  -1.2668948e-01
   1.0000000e+00   1.0882361e+00   0.0000000e+00  -1.4291607e-01
   1.0000000e+00   1.1266895e+00   0.0000000e+00  -1.4372655e-01
   1.0000000e+00   1.1429161e+00   0.0000000e+00  -1.3442464e-01
   1.0000000e+00   1.1437266e+00   0.0000000e+00  -1.1911334e-01
   1.0000000e+00   1.1344246e+00   0.0000000e+00  -1.0095050e-01
   1.0000000e+00   1.1191133e+00   0.0000000e+00  -8.2288450e-02
   1.0000000e+00   1.1009505e+00   0.0000000e+00  -6.4753445e-02
   1.0000000e+00   1.0822885e+00   0.0000000e+00  -4.9327307e-02
   1.0000000e+00   1.0647534e+00   0.0000000e+00  -3.6458167e-02
   1.0000000e+00   1.0493273e+00   0.0000000e+00  -2.6195143e-02
   1.0000000e+00   1.0364582e+00   0.0000000e+00  -1.8326559e-02
   1.0000000e+00   1.0261951e+00   0.0000000e+00  -1.2501663e-02
   1.0000000e+00   1.0183266e+00   0.0000000e+00  -8.3237883e-03
   1.0000000e+00   1.0125017e+00   0.0000000e+00  -5.4120659e-03
   1.0000000e+00   1.0083238e+00   0.0000000e+00  -3.4353820e-03
   1.0000000e+00   1.0054121e+00   0.0000000e+00  -2.1254780e-03
   1.0000000e+00   1.0034354e+00   0.0000000e+00  -1.2765624e-03
   1.0000000e+00   1.0021255e+00   0.0000000e+00  -7.3764018e-04
   1.0000000e+00   1.0012766e+00   0.0000000e+00  -4.0201117e-04
   1.0000000e+00   1.0007376e+00   0.0000000e+00  -1.9669022e-04
   1.0000000e+00   1.0004020e+00   0.0000000e+00  -7.3164098e-05
   1.0000000e+00   1.0001967e+00   0.0000000e+00   0.0000000e+00
   1.0000000e+00   1.0000732e+00   0.0000000e+00   0.0000000e+00
   1.0000000e+00   1.0000000e+00   0.0000000e+00   0.0000000e+00
   1.0000000e+00   1.0000000e+00   0.0000000e+00   0.0000000e+00
   1.0000000e+00   1.0000000e+00   0.0000000e+00   0.0000000e+00
   1.0000000e+00   1.0000000e+00   0.0000000e+00   0.0000000e+00
   0.0000000e+00   1.0000000e+00   0.0000000e+00   0.0000000e+00
   0.0000000e+00   9.9632149e-01   0.0000000e+00   0.0000000e+00
   0.0000000e+00   9.5301753e-01   1.0000000e+00   0.0000000e+00
   0.0000000e+00   8.3204436e-01   1.0000000e+00   3.6785116e-03
   0.0000000e+00   6.4450965e-01   1.0000000e+00   4.6982472e-02
   0.0000000e+00   4.3399644e-01   1.0000000e+00   1.6795564e-01
   0.0000000e+00   2.4144173e-01   1.0000000e+00   3.5549035e-01
   0.0000000e+00   8.8855582e-02   1.0000000e+00   5.6600356e-01
   0.0000000e+00  -1.9255304e-02   1.0000000e+00   7.5855827e-01
   0.0000000e+00  -8.8236122e-02   1.0000000e+00   9.1114442e-01
   0.0000000e+00  -1.2668948e-01   1.0000000e+00   1.0192553e+00
   0.0000000e+00  -1.4291607e-01   1.0000000e+00   1.0882361e+00
   0.0000000e+00  -1.4372655e-01   1.0000000e+00   1.1266895e+00
   0.0000000e+00  -1.3442464e-01   1.0000000e+00   1.1429161e+00
   0.0000000e+00  -1.1911334e-01   1.0000000e+00   1.1437266e+00
   0.0000000e+00  -1.0095050e-01   1.0000000e+00   1.1344246e+00
   0.0000000e+00  -8.2288450e-02   1.0000000e+00   1.1191133e+00
   0.0000000e+00  -6.4753445e-02   1.0000000e+00   1.1009505e+00
   0.0000000e+00  -4.9327307e-02   1.0000000e+00   1.0822885e+00
   0.0000000e+00  -3.6458167e-02   1.0000000e+00   1.0647534e+00
   0.0000000e+00  -2.6195143e-02   1.0000000e+00   1.0493273e+00
   0.0000000e+00  -1.8326559e-02   1.0000000e+00   1.0364582e+00
   0.0000000e+00  -1.2501663e-02   1.0000000e+00   1.0261951e+00
   0.0000000e+00  -8.3237883e-03   1.0000000e+00   1.0183266e+00
   0.0000000e+00  -5.4120659e-03   1.0000000e+00   1.0125017e+00
   0.0000000e+00  -3.4353820e-03   1.0000000e+00   1.0083238e+00
   0.0000000e+00  -2.1254780e-03   1.0000000e+00   1.0054121e+00
   0.0000000e+00  -1.2765624e-03   1.0000000e+00   1.0034354e+00
   0.0000000e+00  -7.3764018e-04   1.0000000e+00   1.0021255e+00
   0.0000000e+00  -4.0201117e-04   1.0000000e+00   1.0012766e+00
   0.0000000e+00  -1.9669022e-04   1.0000000e+00   1.0007376e+00
   0.0000000e+00  -7.3164098e-05   1.0000000e+00   1.0004020e+00
   0.0000000e+00   0.0000000e+00   1.0000000e+00   1.0001967e+00
   0.0000000e+00   0.0000000e+00   1.0000000e+00   1.0000732e+00
   0.0000000e+00   0.0000000e+00   1.0000000e+00   1.0000000e+00
   0.0000000e+00   0.0000000e+00   1.0000000e+00   1.0000000e+00
   0.0000000e+00   0.0000000e+00   1.0000000e+00   1.0000000e+00
   0.0000000e+00   0.0000000e+00   1.0000000e+00   1.0000000e+00
   0.0000000e+00   0.0000000e+00   1.0000000e+00   1.0000000e+00
   0.0000000e+00   0.0000000e+00   1.0000000e+00   1.0000000e+00
   0.0000000e+00   0.0000000e+00   1.0000000e+00   1.0000000e+00
   0.0000000e+00   0.0000000e+00   1.0000000e+00   1.0000000e+00
   0.0000000e+00   0.0000000e+00   1.0000000e+00   1.0000000e+00
   0.0000000e+00   0.0000000e+00   1.0000000e+00   1.0000000e+00
   0.0000000e+00   0.0000000e+00   1.0000000e+00   1.0000000e+00
   0.0000000e+00   0.0000000e+00   1.0000000e+00   1.0000000e+00
   0.0000000e+00   0.0000000e+00   1.0000000e+00   1.0000000e+00
   0.0000000e+00   0.0000000e+00   1.0000000e+00   1.0000000e+00
   0.0000000e+00   0.0000000e+00   1.0000000e+00   1.0000000e+00
   0.0000000e+00   0.0000000e+00   1.0000000e+00   1.0000000e+00
   0.0000000e+00   0.0000000e+00   0.0000000e+00   1.0000000e+00
   0.0000000e+00   0.0000000e+00   0.0000000e+00   9.9632149e-01
   1.0000000e+00   0.0000000e+00   0.0000000e+00   9.5301753e-01
   1.0000000e+00   3.6785116e-03   0.0000000e+00   8.3204436e-01
   1.0000000e+00   4.6982472e-02   0.0000000e+00   6.4450965e-01
   1.0000000e+00   1.6795564e-01   0.0000000e+00   4.3399644e-01
   1.0000000e+00   3.5549035e-01   0.0000000e+00   2.4144173e-01
   1.0000000e+00   5.6600356e-01   0.0000000e+00   8.8855582e-02
   1.0000000e+00   7.5855827e-01   0.0000000e+00  -1.9255304e-02
   1.0000000e+00   9.1114442e-01   0.0000000e+00  -8.8236122e-02
   1.0000000e+00   1.0192553e+00   0.0000000e+00  -1.2668948e-01
   1.0000000e+00   1.0882361e+00   0.0000000e+00  -1.4291607e-01
   1.0000000e+00   1.1266895e+00   0.0000000e+00  -1.4372655e-01
   1.0000000e+00   1.1429161e+00   0.0000000e+00  -1.3442464e-01
   1.0000000e+00   1.1437266e+00   0.0000000e+00  -1.1911334e-01
   1.0000000e+00   1.1344246e+00   0.0000000e+00  -1.0095050e-01
   1.0000000e+00   1.1191133e+00   0.0000000e+00  -8.2288450e-02
   1.0000000e+00   1.1009505e+00   0.0000000e+00  -6.4753445e-02
   1.0000000e+00   1.0822885e+00   0.0000000e+00  -4.9327307e-02
   1.0000000e+00   1.0647534e+00   0.0000000e+00  -3.6458167e-02
   1.0000000e+00   1.0493273e+00   0.0000000e+00  -2.6195143e-02
   1.0000000e+00   1.0364582e+00   0.0000000e+00  -1.8326559e-02
   1.0000000e+00   1.0261951e+00   0.0000000e+00  -1.2501663e-02
   1.0000000e+00   1.0183266e+00   0.0000000e+00  -8.3237883e-03
   1.0000000e+00   1.0125017e+00   0.0000000e+00  -5.4120659e-03
   1.0000000e+00   1.0083238e+00   0.0000000e+00  -3.4353820e-03
   1.0000000e+00   1.0054121e+00   0.0000000e+00  -2.1254780e-03
   1.0000000e+00   1.0034354e+00   0.0000000e+00  -1.2765624e-03
   1.0000000e+00   1.0021255e+00   0.0000000e+00  -7.3764018e-04
   1.0000000e+00   1.0012766e+00   0.0000000e+00  -4.0201117e-04
   1.0000000e+00   1.0007376e+00   0.0000000e+00  -1.9669022e-04
   1.0000000e+00   1.0004020e+00   0.0000000e+00  -7.3164098e-05
   1.0000000e+00   1.0001967e+00   0.0000000e+00   0.0000000e+00
   1.0000000e+00   1.0000732e+00   0.0000000e+00   0.0000000e+00
   1.0000000e+00   1.0000000e+00   0.0000000e+00   0.0000000e+00
   1.0000000e+00   1.0000000e+00   0.0000000e+00   0.0000000e+00
   1.0000000e+00   1.0000000e+00   0.0000000e+00   0.0000000e+00
   1.0000000e+00   1.0000000e+00   0.0000000e+00   0.0000000e+00
   1.0000000e+00   1.0000000e+00   0.0000000e+00   0.0000000e+00
   1.0000000e+00   1.0000000e+00   0.0000000e+00   0.0000000e+00
   1.0000000e+00   1.0000000e+00   0.0000000e+00   0.0000000e+00
   1.0000000e+00   1.0000000e+00   0.0000000e+00   0.0000000e+00
   1.0000000e+00   1.0000000e+00   0.0000000e+00   0.0000000e+00
   0.0000000e+00   1.0000000e+00   0.0000000e+00   0.0000000e+00
   0.0000000e+00   9.9632149e-01   0.0000000e+00   0.0000000e+00
   0.0000000e+00   9.5301753e-01   1.0000000e+00   0.0000000e+00
   0.0000000e+00   8.3204436e-01   1.0000000e+00   3.6785116e-03
   0.0000000e+00   6.4450965e-01   1.0000000e+00   4.6982472e-02
   0.0000000e+00   4.3399644e-01   1.0000000e+00   1.6795564e-01
   0.0000000e+00   2.4144173e-01   1.0000000e+00   3.5549035e-01
   0.0000000e+00   8.8855582e-02   1.0000000e+00   5.6600356e-01
   0.0000000e+00  -1.9255304e-02   1.0000000e+00   7.5855827e-01
   0.0000000e+00  -8.8236122e-02   1.0000000e+00   9.1114442e-01
   0.0000000e+00  -1.2668948e-01   1.0000000e+00   1.0192553e+00
   0.0000000e+00  -1.4291607e-01   1.0000000e+00   1.0882361e+00
   0.0000000e+00  -1.4372655e-01   1.0000000e+00   1.1266895e+00
   0.0000000e+00  -1.3442464e-01   1.0000000e+00   1.1429161e+00
   0.0000000e+00  -1.1911334e-01   1.0000000e+00   1.1437266e+00
   0.0000000e+00  -1.0095050e-01   1.0000000e+00   1.1344246e+00
   0.0000000e+00  -8.2288450e-02   1.0000000e+00   1.1191133e+00
   0.0000000e+00  -6.4753445e-02   1.0000000e+00   1.1009505e+00
   0.0000000e+00  -4.9327307e-02   1.0000000e+00   1.0822885e+00
   0.0000000e+00  -3.6458167e-02   1.0000000e+00   1.0647534e+00
   0.0000000e+00  -2.6195143e-02   1.0000000e+00   1.0493273e+00
   0.0000000e+00  -1.8326559e-02   1.0000000e+00   1.0364582e+00
   0.0000000e+00  -1.2501663e-02   1.0000000e+00   1.0261951e+00
   0.0000000e+00  -8.3237883e-03   1.0000000e+00   1.0183266e+00
   0.0000000e+00  -5.4120659e-03   1.0000000e+00   1.0125017e+00
   0.0000000e+00  -3.4353820e-03   1.0000000e+00   1.0083238e+00
   0.0000000e+00  -2.1254780e-03   0.0000000e+00   1.0054121e+00
   0.0000000e+00  -1.2765624e-03   1.0000000e+00   9.9975687e-01
   0.0000000e+00  -7.3764018e-04   1.0000000e+00   9.5882152e-01
   0.0000000e+00  -4.0201117e-04   1.0000000e+00   8.8030340e-01
   0.0000000e+00  -1.9669022e-04   1.0000000e+00   8.1320293e-01
   0.0000000e+00  -7.3164098e-05   1.0000000e+00   7.8988880e-01
   0.0000000e+00   0.0000000e+00   1.0000000e+00   8.0764198e-01
   0.0000000e+00   0.0000000e+00   1.0000000e+00   8.4748702e-01
   0.0000000e+00   0.0000000e+00   1.0000000e+00   8.9188911e-01
   0.0000000e+00   0.0000000e+00   1.0000000e+00   9.3101918e-01
   0.0000000e+00   0.0000000e+00   1.0000000e+00   9.6154664e-01
   0.0000000e+00   0.0000000e+00   1.0000000e+00   9.8377341e-01
   0.0000000e+00   0.0000000e+00   1.0000000e+00   9.9918952e-01
   0.0000000e+00   0.0000000e+00   0.0000000e+00   1.0093019e+00
   0.0000000e+00   0.0000000e+00   0.0000000e+00   1.0116328e+00
   0.0000000e+00   0.0000000e+00   0.0000000e+00   9.7118036e-01
