   1.0000000e+00   0.0000000e+00   0.0000000e+00   0.0000000e+00
   1.0000000e+00   3.6785116e-03   0.0000000e+00   0.0000000e+00
   1.0000000e+00   4.6982472e-02   0.0000000e+00   0.0000000e+00
   1.0000000e+00   1.6795564e-01   0.0000000e+00   0.0000000e+00
   1.0000000e+00   3.5549035e-01   0.0000000e+00   0.0000000e+00
   1.0000000e+00   5.6600356e-01   0.0000000e+00   0.0000000e+00
   1.0000000e+00   7.5855827e-01   0.0000000e+00   0.0000000e+00
   1.0000000e+00   9.1114442e-01   0.0000000e+00   0.0000000e+00
   1.0000000e+00   1.0192553e+00   0.0000000e+00   0.0000000e+00
   1.0000000e+00   1.0882361e+00   0.0000000e+00   0.0000000e+00
   1.0000000e+00   1.1266895e+00   0.0000000e+00   0.0000000e+00
   1.0000000e+00   1.1429161e+00   0.0000000e+00   0.0000000e+00
   1.0000000e+00   1.1437266e+00   0.0000000e+00   0.0000000e+00
   1.0000000e+00   1.1344246e+00   0.0000000e+00   0.0000000e+00
   1.0000000e+00   1.1191133e+00   0.0000000e+00   0.0000000e+00
   1.0000000e+00   1.1009505e+00   0.0000000e+00   0.0000000e+00
   1.0000000e+00   1.0822885e+00   0.0000000e+00   0.0000000e+00
   1.0000000e+00   1.0647534e+00   0.0000000e+00   0.0000000e+00
   1.0000000e+00   1.0493273e+00   0.0000000e+00   0.0000000e+00
   1.0000000e+00   1.0364582e+00   0.0000000e+00   0.0000000e+00
   1.0000000e+00   1.0261951e+00   0.0000000e+00   0.0000000e+00
   1.0000000e+00   1.0183266e+00   0.0000000e+00   0.0000000e+00
   1.0000000e+00   1.0125017e+00   0.0000000e+00   0.0000000e+00
   1.0000000e+00   1.0083238e+00   0.0000000e+00   0.0000000e+00
   1.0000000e+00   1.0054121e+00   0.0000000e+00   0.0000000e+00
   1.0000000e+00   1.0034354e+00   0.0000000e+00   0.0000000e+00
   1.0000000e+00   1.0021255e+00   0.0000000e+00   0.0000000e+00
   1.0000000e+00   1.0012766e+00   0.0000000e+00   0.0000000e+00
   1.0000000e+00   1.0007376e+00   0.0000000e+00   0.0000000e+00
   1.0000000e+00   1.0004020e+00   0.0000000e+00   0.0000000e+00
   1.0000000e+00   1.0001967e+00   0.0000000e+00   0.0000000e+00
   1.0000000e+00   1.0000732e+00   0.0000000e+00   0.0000000e+00
   1.0000000e+00   1.0000000e+00   0.0000000e+00   0.0000000e+00
   1.0000000e+00   1.0000000e+00   0.0000000e+00   0.0000000e+00
   1.0000000e+00   1.0000000e+00   0.0000000e+00   0.0000000e+00
   0.0000000e+00   1.0000000e+00   0.0000000e+00   0.0000000e+00
   0.0000000e+00   9.9632149e-01   0.0000000e+00   0.0000000e+00
   0.0000000e+00   9.5301753e-01   1.0000000e+00   0.0000000e+00
   0.0000000e+00   8.3204436e-01   1.0000000e+00   3.6785116e-03
   0.0000000e+00   6.4450965e-01   1.0000000e+00   4.6982472e-02
   0.0000000e+00   4.3399644e-01   1.0000000e+00   1.6795564e-01
   0.0000000e+00   2.4144173e-01   1.0000000e+00   3.5549035e-01
   0.0000000e+00   8.8855582e-02   1.0000000e+00   5.6600356e-01
   0.0000000e+00  -1.9255304e-02   1.0000000e+00   7.5855827e-01
   0.0000000e+00  -8.8236122e-02   1.0000000e+00   9.1114442e-01
   0.0000000e+00  -1.2668948e-01   1.0000000e+00   1.0192553e+00
   0.0000000e+00  -1.4291607e-01   1.0000000e+00   1.0882361e+00
   0.0000000e+00  -1.4372655e-01   1.0000000e+00   1.1266895e+00
   0.0000000e+00  -1.3442464e-01   1.0000000e+00   1.1429161e+00
   0.0000000e+00  -1.1911334e-01   1.0000000e+00   1.1437266e+00
   0.0000000e+00  -1.0095050e-01   1.0000000e+00   1.1344246e+00
   0.0000000e+00  -8.2288450e-02   1.0000000e+00   1.1191133e+00
   0.0000000e+00  -6.4753445e-02   1.0000000e+00   1.1009505e+00
   0.0000000e+00  -4.9327307e-02   0.0000000e+00   1.0822885e+00
   0.0000000e+00  -3.6458167e-02   1.0000000e+00   1.0610749e+00
   0.0000000e+00  -2.6195143e-02   1.0000000e+00   1.0060233e+00
   0.0000000e+00  -1.8326559e-02   1.0000000e+00   9.1548500e-01
   0.0000000e+00  -1.2501663e-02   1.0000000e+00   8.3866043e-01
   0.0000000e+00  -8.3237883e-03   1.0000000e+00   8.0781335e-01
   0.0000000e+00  -5.4120659e-03   1.0000000e+00   8.1994695e-01
   0.0000000e+00  -3.4353820e-03   1.0000000e+00   8.5573764e-01
   0.0000000e+00  -2.1254780e-03   1.0000000e+00   8.9730118e-01
   0.0000000e+00  -1.2765624e-03   1.0000000e+00   9.3445456e-01
   0.0000000e+00  -7.3764018e-04   1.0000000e+00   9.6367212e-01
   0.0000000e+00  -4.0201117e-04   1.0000000e+00   9.8504997e-01
   0.0000000e+00  -1.9669022e-04   1.0000000e+00   9.9992716e-01
   0.0000000e+00  -7.3164098e-05   1.0000000e+00   1.0097039e+00
   0.0000000e+00   0.0000000e+00   1.0000000e+00   1.0155080e+00
   0.0000000e+00   0.0000000e+00   1.0000000e+00   1.0182360e+00
   0.0000000e+00   0.0000000e+00   1.0000000e+00   1.0186621e+00
   0.0000000e+00   0.0000000e+00   1.0000000e+00   1.0175350e+00
   0.0000000e+00   0.0000000e+00   0.0000000e+00   1.0154261e+00
   0.0000000e+00   0.0000000e+00   0.0000000e+00   1.0091906e+00
   1.0000000e+00   0.0000000e+00   0.0000000e+00   9.6328055e-01
   1.0000000e+00   3.6785116e-03   0.0000000e+00   8.3991295e-01
   1.0000000e+00   4.6982472e-02   0.0000000e+00   6.5033454e-01
   1.0000000e+00   1.6795564e-01   0.0000000e+00   4.3817431e-01
   1.0000000e+00   3.5549035e-01   0.0000000e+00   2.4435345e-01
   1.0000000e+00   5.6600356e-01   0.0000000e+00   9.0832266e-02
   1.0000000e+00   7.5855827e-01   0.0000000e+00  -1.7945400e-02
   1.0000000e+00   9.1114442e-01   0.0000000e+00  -8.7387206e-02
   1.0000000e+00   1.0192553e+00   0.0000000e+00  -1.2615056e-01
   1.0000000e+00   1.0882361e+00   0.0000000e+00  -1.4258044e-01
   1.0000000e+00   1.1266895e+00   0.0000000e+00  -1.4352123e-01
   1.0000000e+00   1.1429161e+00   0.0000000e+00  -1.3430111e-01
   1.0000000e+00   1.1437266e+00   0.0000000e+00  -1.1904017e-01
   1.0000000e+00   1.1344246e+00   0.0000000e+00  -1.0095050e-01
   1.0000000e+00   1.1191133e+00   0.0000000e+00  -8.2288450e-02
   1.0000000e+00   1.1009505e+00   0.0000000e+00  -6.4753445e-02
   1.0000000e+00   1.0822885e+00   0.0000000e+00  -4.9327307e-02
   1.0000000e+00   1.0647534e+00   0.0000000e+00  -3.6458167e-02
   1.0000000e+00   1.0493273e+00   0.0000000e+00  -2.6195143e-02
   1.0000000e+00   1.0364582e+00   0.0000000e+00  -1.8326559e-02
   1.0000000e+00   1.0261951e+00   0.0000000e+00  -1.2501663e-02
   1.0000000e+00   1.0183266e+00   0.0000000e+00  -8.3237883e-03
   1.0000000e+00   1.0125017e+00   0.0000000e+00  -5.4120659e-03
   1.0000000e+00   1.0083238e+00   0.0000000e+00  -3.4353820e-03
   1.0000000e+00   1.0054121e+00   0.0000000e+00  -2.1254780e-03
   1.0000000e+00   1.0034354e+00   0.0000000e+00  -1.2765624e-03
   1.0000000e+00   1.0021255e+00   0.0000000e+00  -7.3764018e-04
   1.0000000e+00   1.0012766e+00   0.0000000e+00  -4.0201117e-04
   1.0000000e+00   1.0007376e+00   0.0000000e+00  -1.9669022e-04
   1.0000000e+00   1.0004020e+00   0.0000000e+00  -7.3164098e-05
   1.0000000e+00   1.0001967e+00   0.0000000e+00   0.0000000e+00
   1.0000000e+00   1.0000732e+00   0.0000000e+00   0.0000000e+00
   1.0000000e+00   1.0000000e+00   0.0000000e+00   0.0000000e+00
   1.0000000e+00   1.0000000e+00   0.0000000e+00   0.0000000e+00
   1.0000000e+00   1.0000000e+00   0.0000000e+00   0.0000000e+00
   1.0000000e+00   1.0000000e+00   0.0000000e+00   0.0000000e+00
   1.0000000e+00   1.0000000e+00   0.0000000e+00   0.0000000e+00
   1.0000000e+00   1.0000000e+00   0.0000000e+00   0.0000000e+00
   0.0000000e+00   1.0000000e+00   0.0000000e+00   0.0000000e+00
   0.0000000e+00   9.9632149e-01   0.0000000e+00   0.0000000e+00
   0.0000000e+00   9.5301753e-01   0.0000000e+00   0.0000000e+00
   0.0000000e+00   8.3204436e-01   1.0000000e+00   0.0000000e+00
   0.0000000e+00   6.4450965e-01   1.0000000e+00   3.6785116e-03
   0.0000000e+00   4.3399644e-01   1.0000000e+00   4.6982472e-02
   0.0000000e+00   2.4144173e-01   1.0000000e+00   1.6795564e-01
   0.0000000e+00   8.8855582e-02   1.0000000e+00   3.5549035e-01
   0.0000000e+00  -1.9255304e-02   1.0000000e+00   5.6600356e-01
   0.0000000e+00  -8.8236122e-02   1.0000000e+00   7.5855827e-01
   0.0000000e+00  -1.2668948e-01   1.0000000e+00   9.1114442e-01
   0.0000000e+00  -1.4291607e-01   1.0000000e+00   1.0192553e+00
   0.0000000e+00  -1.4372655e-01   1.0000000e+00   1.0882361e+00
   0.0000000e+00  -1.3442464e-01   1.0000000e+00   1.1266895e+00
   0.0000000e+00  -1.1911334e-01   1.0000000e+00   1.1429161e+00
   0.0000000e+00  -1.0095050e-01   1.0000000e+00   1.1437266e+00
   0.0000000e+00  -8.2288450e-02   1.0000000e+00   1.1344246e+00
   0.0000000e+00  -6.4753445e-02   1.0000000e+00   1.1191133e+00
   0.0000000e+00  -4.9327307e-02   1.0000000e+00   1.1009505e+00
   0.0000000e+00  -3.6458167e-02   1.0000000e+00   1.0822885e+00
   0.0000000e+00  -2.6195143e-02   1.0000000e+00   1.0647534e+00
   0.0000000e+00  -1.8326559e-02   1.0000000e+00   1.0493273e+00
   0.0000000e+00  -1.2501663e-02   1.0000000e+00   1.0364582e+00
   0.0000000e+00  -8.3237883e-03   1.0000000e+00   1.0261951e+00
   0.0000000e+00  -5.4120659e-03   1.0000000e+00   1.0183266e+00
   0.0000000e+00  -3.4353820e-03   1.0000000e+00   1.0125017e+00
   0.0000000e+00  -2.1254780e-03   1.0000000e+00   1.0083238e+00
   0.0000000e+00  -1.2765624e-03   1.0000000e+00   1.0054121e+00
   0.0000000e+00  -7.3764018e-04   1.0000000e+00   1.0034354e+00
   0.0000000e+00  -4.0201117e-04   1.0000000e+00   1.0021255e+00
   0.0000000e+00  -1.9669022e-04   1.0000000e+00   1.0012766e+00
   0.0000000e+00  -7.3164098e-05   1.0000000e+00   1.0007376e+00
   0.0000000e+00   0.0000000e+00   1.0000000e+00   1.0004020e+00
   0.0000000e+00   0.0000000e+00   1.0000000e+00   1.0001967e+00
   0.0000000e+00   0.0000000e+00   1.0000000e+00   1.0000732e+00
   0.0000000e+00   0.0000000e+00   1.0000000e+00   1.0000000e+00
   0.0000000e+00   0.0000000e+00   1.0000000e+00   1.0000000e+00
   0.0000000e+00   0.0000000e+00   1.0000000e+00   1.0000000e+00
   0.0000000e+00   0.0000000e+00   0.0000000e+00   1.0000000e+00
   0.0000000e+00   0.0000000e+00   0.0000000e+00   9.9632149e-01
   1.0000000e+00   0.0000000e+00   0.0000000e+00   9.5301753e-01
   1.0000000e+00   3.6785116e-03   0.0000000e+00   8.3204436e-01
   1.0000000e+00   4.6982472e-02   0.0000000e+00   6.4450965e-01
   1.0000000e+00   1.6795564e-01   0.0000000e+00   4.3399644e-01
   1.0000000e+00   3.5549035e-01   0.0000000e+00   2.4144173e-01
   1.0000000e+00   5.6600356e-01   0.0000000e+00   8.8855582e-02
   1.0000000e+00   7.5855827e-01   0.0000000e+00  -1.9255304e-02
   1.0000000e+00   9.1114442e-01   0.0000000e+00  -8.8236122e-02
   1.0000000e+00   1.0192553e+00   0.0000000e+00  -1.2668948e-01
   1.0000000e+00   1.0882361e+00   0.0000000e+00  -1.4291607e-01
   1.0000000e+00   1.1266895e+00   0.0000000e+00  -1.4372655e-01
   1.0000000e+00   1.1429161e+00   0.0000000e+00  -1.3442464e-01
   1.0000000e+00   1.1437266e+00   0.0000000e+00  -1.1911334e-01
   1.0000000e+00   1.1344246e+00   0.0000000e+00  -1.0095050e-01
   1.0000000e+00   1.1191133e+00   0.0000000e+00  -8.2288450e-02
   1.0000000e+00   1.1009505e+00   0.0000000e+00  -6.4753445e-02
   1.0000000e+00   1.0822885e+00   0.0000000e+00  -4.9327307e-02
   1.0000000e+00   1.0647534e+00   0.0000000e+00  -3.6458167e-02
   1.0000000e+00   1.0493273e+00   0.0000000e+00  -2.6195143e-02
   1.0000000e+00   1.0364582e+00   0.0000000e+00  -1.8326559e-02
   1.0000000e+00   1.0261951e+00   0.0000000e+00  -1.2501663e-02
   1.0000000e+00   1.0183266e+00   0.0000000e+00  -8.3237883e-03
   1.0000000e+00   1.0125017e+00   0.0000000e+00  -5.4120659e-03
   1.0000000e+00   1.0083238e+00   0.0000000e+00  -3.4353820e-03
   1.0000000e+00   1.0054121e+00   0.0000000e+00  -2.1254780e-03
   1.0000000e+00   1.0034354e+00   0.0000000e+00  -1.2765624e-03
   1.0000000e+00   1.0021255e+00   0.0000000e+00  -7.3764018e-04
   1.0000000e+00   1.0012766e+00   0.0000000e+00  -4.0201117e-04
   1.0000000e+00   1.0007376e+00   0.0000000e+00  -1.9669022e-04
   1.0000000e+00   1.0004020e+00   0.0000000e+00  -7.3164098e-05
   1.0000000e+00   1.0001967e+00   0.0000000e+00   0.0000000e+00
   1.0000000e+00   1.0000732e+00   0.0000000e+00   0.0000000e+00
   1.0000000e+00   1.0000000e+00   0.0000000e+00   0.0000000e+00
   1.0000000e+00   1.0000000e+00   0.0000000e+00   0.0000000e+00
   1.0000000e+00   1.0000000e+00   0.0000000e+00   0.0000000e+00
   1.0000000e+00   1.0000000e+00   0.0000000e+00   0.0000000e+00
   1.0000000e+00   1.0000000e+00   0.0000000e+00   0.0000000e+00
   0.0000000e+00   1.0000000e+00   0.0000000e+00   0.0000000e+00
   0.0000000e+00   9.9632149e-01   0.0000000e+00   0.0000000e+00
   0.0000000e+00   9.5301753e-01   1.0000000e+00   0.0000000e+00
   0.0000000e+00   8.3204436e-01   1.0000000e+00   3.6785116e-03
   0.0000000e+00   6.4450965e-01   1.0000000e+00   4.6982472e-02
   0.0000000e+00   4.3399644e-01   1.0000000e+00   1.6795564e-01
   0.0000000e+00   2.4144173e-01   1.0000000e+00   3.5549035e-01
   0.0000000e+00   8.8855582e-02   1.0000000e+00   5.6600356e-01
   0.0000000e+00  -1.9255304e-02   1.0000000e+00   7.5855827e-01
   0.0000000e+00  -8.8236122e-02   1.0000000e+00   9.1114442e-01
   0.0000000e+00  -1.2668948e-01   1.0000000e+00   1.0192553e+00
   0.0000000e+00  -1.4291607e-01   1.0000000e+00   1.0882361e+00
   0.0000000e+00  -1.4372655e-01   1.0000000e+00   1.1266895e+00
   0.0000000e+00  -1.3442464e-01   1.0000000e+00   1.1429161e+00
   0.0000000e+00  -1.1911334e-01   1.0000000e+00   1.1437266e+00
   0.0000000e+00  -1.0095050e-01   1.0000000e+00   1.1344246e+00
   0.0000000e+00  -8.2288450e-02   1.0000000e+00   1.1191133e+00
   0.0000000e+00  -6.4753445e-02   1.0000000e+00   1.1009505e+00
   0.0000000e+00  -4.9327307e-02   1.0000000e+00   1.0822885e+00
   0.0000000e+00  -3.6458167e-02   1.0000000e+00   1.0647534e+00
   0.0000000e+00  -2.6195143e-02   1.0000000e+00   1.0493273e+00
   0.0000000e+00  -1.8326559e-02   1.0000000e+00   1.0364582e+00
   0.0000000e+00  -1.2501663e-02   1.0000000e+00   1.0261951e+00
   0.0000000e+00  -8.3237883e-03   1.0000000e+00   1.0183266e+00
   0.0000000e+00  -5.4120659e-03   1.0000000e+00   1.0125017e+00
   0.0000000e+00  -3.4353820e-03   1.0000000e+00   1.0083238e+00
   0.0000000e+00  -2.1254780e-03   1.0000000e+00   1.0054121e+00
   0.0000000e+00  -1.2765624e-03   1.0000000e+00   1.0034354e+00
   0.0000000e+00  -7.3764018e-04   1.0000000e+00   1.0021255e+00
   0.0000000e+00  -4.0201117e-04   1.0000000e+00   1.0012766e+00
   0.0000000e+00  -1.9669022e-04   1.0000000e+00   1.0007376e+00
   0.0000000e+00  -7.3164098e-05   1.0000000e+00   1.0004020e+00
   0.0000000e+00   0.0000000e+00   1.0000000e+00   1.0001967e+00
   0.0000000e+00   0.0000000e+00   1.0000000e+00   1.0000732e+00
   0.0000000e+00   0.0000000e+00   1.0000000e+00   1.0000000e+00
   0.0000000e+00   0.0000000e+00   1.0000000e+00   1.0000000e+00
   0.0000000e+00   0.0000000e+00   1.0000000e+00   1.0000000e+00
   0.0000000e+00   0.0000000e+00   0.0000000e+00   1.0000000e+00
   0.0000000e+00   0.0000000e+00   1.0000000e+00   9.9632149e-01
   0.0000000e+00   0.0000000e+00   1.0000000e+00   9.5669604e-01
   0.0000000e+00   0.0000000e+00   1.0000000e+00   8.7902683e-01
   0.0000000e+00   0.0000000e+00   1.0000000e+00   8.1246529e-01
   0.0000000e+00   0.0000000e+00   1.0000000e+00   7.8948679e-01
   0.0000000e+00   0.0000000e+00   1.0000000e+00   8.0744529e-01
   0.0000000e+00   0.0000000e+00   1.0000000e+00   8.4741385e-01
   0.0000000e+00   0.0000000e+00   1.0000000e+00   8.9188911e-01
   0.0000000e+00   0.0000000e+00   1.0000000e+00   9.3101918e-01
   0.0000000e+00   0.0000000e+00   1.0000000e+00   9.6154664e-01
   0.0000000e+00   0.0000000e+00   1.0000000e+00   9.8377341e-01
   0.0000000e+00   0.0000000e+00   1.0000000e+00   9.9918952e-01
   0.0000000e+00   0.0000000e+00   1.0000000e+00   1.0093019e+00
   0.0000000e+00   0.0000000e+00   1.0000000e+00   1.0153113e+00
   0.0000000e+00   0.0000000e+00   1.0000000e+00   1.0181628e+00
   0.0000000e+00   0.0000000e+00   1.0000000e+00   1.0186621e+00
   0.0000000e+00   0.0000000e+00   1.0000000e+00   1.0175350e+00
   0.0000000e+00   0.0000000e+00   1.0000000e+00   1.0154261e+00
   0.0000000e+00   0.0000000e+00   0.0000000e+00   1.0128691e+00
   0.0000000e+00   0.0000000e+00   0.0000000e+00   1.0065845e+00
   1.0000000e+00   0.0000000e+00   0.0000000e+00   9.6088611e-01
   1.0000000e+00   3.6785116e-03   0.0000000e+00   8.3786926e-01
   1.0000000e+00   4.6982472e-02   0.0000000e+00   6.4868752e-01
   1.0000000e+00   1.6795564e-01   0.0000000e+00   4.3690816e-01
   1.0000000e+00   3.5549035e-01   0.0000000e+00   2.4341841e-01
   1.0000000e+00   5.6600356e-01   0.0000000e+00   9.0165486e-02
   1.0000000e+00   7.5855827e-01   0.0000000e+00  -1.8406388e-02
   1.0000000e+00   9.1114442e-01   0.0000000e+00  -8.7697199e-02
   1.0000000e+00   1.0192553e+00   0.0000000e+00  -1.2635385e-01
   1.0000000e+00   1.0882361e+00   0.0000000e+00  -1.4271075e-01
   1.0000000e+00   1.1266895e+00   0.0000000e+00  -1.4360303e-01
   1.0000000e+00   1.1429161e+00   0.0000000e+00  -1.3435147e-01
   1.0000000e+00   1.1437266e+00   0.0000000e+00  -1.1911334e-01
   1.0000000e+00   1.1344246e+00   0.0000000e+00  -1.0095050e-01
   1.0000000e+00   1.1191133e+00   0.0000000e+00  -8.2288450e-02
   1.0000000e+00   1.1009505e+00   0.0000000e+00  -6.4753445e-02
   1.0000000e+00   1.0822885e+00   0.0000000e+00  -4.9327307e-02
   1.0000000e+00   1.0647534e+00   0.0000000e+00  -3.6458167e-02
   1.0000000e+00   1.0493273e+00   0.0000000e+00  -2.6195143e-02
   1.0000000e+00   1.0364582e+00   0.0000000e+00  -1.8326559e-02
   1.0000000e+00   1.0261951e+00   0.0000000e+00  -1.2501663e-02
   1.0000000e+00   1.0183266e+00   0.0000000e+00  -8.3237883e-03
   1.0000000e+00   1.0125017e+00   0.0000000e+00  -5.4120659e-03
   1.0000000e+00   1.0083238e+00   0.0000000e+00  -3.4353820e-03
   1.0000000e+00   1.0054121e+00   0.0000000e+00  -2.1254780e-03
   1.0000000e+00   1.0034354e+00   0.0000000e+00  -1.2765624e-03
   1.0000000e+00   1.0021255e+00   0.0000000e+00  -7.3764018e-04
   1.0000000e+00   1.0012766e+00   0.0000000e+00  -4.0201117e-04
   1.0000000e+00   1.0007376e+00   0.0000000e+00  -1.9669022e-04
   1.0000000e+00   1.0004020e+00   0.0000000e+00  -7.3164098e-05
   1.0000000e+00   1.0001967e+00   0.0000000e+00   0.0000000e+00
   1.0000000e+00   1.0000732e+00   0.0000000e+00   0.0000000e+00
   1.0000000e+00   1.0000000e+00   0.0000000e+00   0.0000000e+00
   1.0000000e+00   1.0000000e+00   0.0000000e+00   0.0000000e+00
   1.0000000e+00   1.0000000e+00   0.0000000e+00   0.0000000e+00
   1.0000000e+00   1.0000000e+00   0.0000000e+00   0.0000000e+00
   1.0000000e+00   1.0000000e+00   0.0000000e+00   0.0000000e+00
   1.0000000e+00   1.0000000e+00   0.0000000e+00   0.0000000e+00
   1.0000000e+00   1.0000000e+00   0.0000000e+00   0.0000000e+00
   1.0000000e+00   1.0000000e+00   0.0000000e+00   0.0000000e+00
   1.0000000e+00   1.0000000e+00   0.0000000e+00   0.0000000e+00
   0.0000000e+00   1.0000000e+00   0.0000000e+00   0.0000000e+00
   0.0000000e+00   9.9632149e-01   0.0000000e+00   0.0000000e+00
   0.0000000e+00   9.5301753e-01   1.0000000e+00   0.0000000e+00
   0.0000000e+00   8.3204436e-01   1.0000000e+00   3.6785116e-03
   0.0000000e+00   6.4450965e-01   1.0000000e+00   4.6982472e-02
   0.0000000e+00   4.3399644e-01   1.0000000e+00   1.6795564e-01
   0.0000000e+00   2.4144173e-01   1.0000000e+00   3.5549035e-01
   0.0000000e+00   8.8855582e-02   1.0000000e+00   5.6600356e-01
   0.0000000e+00  -1.9255304e-02   1.0000000e+00   7.5855827e-01
   0.0000000e+00  -8.8236122e-02   1.0000000e+00   9.1114442e-01
   0.0000000e+00  -1.2668948e-01   1.0000000e+00   1.0192553e+00
   0.0000000e+00  -1.4291607e-01   1.0000000e+00   1.0882361e+00
   0.0000000e+00  -1.4372655e-01   1.0000000e+00   1.1266895e+00
   0.0000000e+00  -1.3442464e-01   1.0000000e+00   1.1429161e+00
   0.0000000e+00  -1.1911334e-01   1.0000000e+00   1.1437266e+00
   0.0000000e+00  -1.0095050e-01   1.0000000e+00   1.1344246e+00
   0.0000000e+00  -8.2288450e-02   1.0000000e+00   1.1191133e+00
   0.0000000e+00  -6.4753445e-02   1.0000000e+00   1.1009505e+00
   0.0000000e+00  -4.9327307e-02   1.0000000e+00   1.0822885e+00
   0.0000000e+00  -3.6458167e-02   0.0000000e+00   1.0647534e+00
   0.0000000e+00  -2.6195143e-02   0.0000000e+00   1.0456488e+00
   0.0000000e+00  -1.8326559e-02   0.0000000e+00   9.8947570e-01
   0.0000000e+00  -1.2501663e-02   0.0000000e+00   8.5823951e-01
   0.0000000e+00  -8.3237883e-03   0.0000000e+00   6.6283621e-01
