   1.0000000e+00   0.0000000e+00   0.0000000e+00   0.0000000e+00
   1.0000000e+00   3.6785116e-03   0.0000000e+00   0.0000000e+00
   1.0000000e+00   4.6982472e-02   0.0000000e+00   0.0000000e+00
   1.0000000e+00   1.6795564e-01   0.0000000e+00   0.0000000e+00
   1.0000000e+00   3.5549035e-01   0.0000000e+00   0.0000000e+00
   1.0000000e+00   5.6600356e-01   0.0000000e+00   0.0000000e+00
   1.0000000e+00   7.5855827e-01   0.0000000e+00   0.0000000e+00
   1.0000000e+00   9.1114442e-01   0.0000000e+00   0.0000000e+00
   1.0000000e+00   1.0192553e+00   0.0000000e+00   0.0000000e+00
   1.0000000e+00   1.0882361e+00   0.0000000e+00   0.0000000e+00
   1.0000000e+00   1.1266895e+00   0.0000000e+00   0.0000000e+00
   1.0000000e+00   1.1429161e+00   0.0000000e+00   0.0000000e+00
   1.0000000e+00   1.1437266e+00   0.0000000e+00   0.0000000e+00
   1.0000000e+00   1.1344246e+00   0.0000000e+00   0.0000000e+00
   1.0000000e+00   1.1191133e+00   0.0000000e+00   0.0000000e+00
   1.0000000e+00   1.1009505e+00   0.0000000e+00   0.0000000e+00
   1.0000000e+00   1.0822885e+00   0.0000000e+00   0.0000000e+00
   1.0000000e+00   1.0647534e+00   0.0000000e+00   0.0000000e+00
   1.0000000e+00   1.0493273e+00   0.0000000e+00   0.0000000e+00
   1.0000000e+00   1.0364582e+00   0.0000000e+00   0.0000000e+00
   1.0000000e+00   1.0261951e+00   0.0000000e+00   0.0000000e+00
   1.0000000e+00   1.0183266e+00   0.0000000e+00   0.0000000e+00
   1.0000000e+00   1.0125017e+00   0.0000000e+00   0.0000000e+00
   1.0000000e+00   1.0083238e+00   0.0000000e+00   0.0000000e+00
   1.0000000e+00   1.0054121e+00   0.0000000e+00   0.0000000e+00
   1.0000000e+00   1.0034354e+00   0.0000000e+00   0.0000000e+00
   1.0000000e+00   1.0021255e+00   0.0000000e+00   0.0000000e+00
   1.0000000e+00   1.0012766e+00   0.0000000e+00   0.0000000e+00
   1.0000000e+00   1.0007376e+00   0.0000000e+00   0.0000000e+00
   1.0000000e+00   1.0004020e+00   0.0000000e+00   0.0000000e+00
   1.0000000e+00   1.0001967e+00   0.0000000e+00   0.0000000e+00
   1.0000000e+00   1.0000732e+00   0.0000000e+00   0.0000000e+00
   1.0000000e+00   1.0000000e+00   0.0000000e+00   0.0000000e+00
   1.0000000e+00   1.0000000e+00   0.0000000e+00   0.0000000e+00
   1.0000000e+00   1.0000000e+00   0.0000000e+00   0.0000000e+00
   0.0000000e+00   1.0000000e+00   0.0000000e+00   0.0000000e+00
   0.0000000e+00   9.9632149e-01   0.0000000e+00   0.0000000e+00
   0.0000000e+00   9.5301753e-01   1.0000000e+00   0.0000000e+00
   0.0000000e+00   8.3204436e-01   1.0000000e+00   3.6785116e-03
   0.0000000e+00   6.4450965e-01   1.0000000e+00   4.6982472e-02
   0.0000000e+00   4.3399644e-01   1.0000000e+00   1.6795564e-01
   0.0000000e+00   2.4144173e-01   1.0000000e+00   3.5549035e-01
   0.0000000e+00   8.8855582e-02   1.0000000e+00   5.6600356e-01
   0.0000000e+00  -1.9255304e-02   1.0000000e+00   7.5855827e-01
   0.0000000e+00  -8.8236122e-02   1.0000000e+00   9.1114442e-01
   0.0000000e+00  -1.2668948e-01   1.0000000e+00   1.0192553e+00
   0.0000000e+00  -1.4291607e-01   1.0000000e+00   1.0882361e+00
   0.0000000e+00  -1.4372655e-01   1.0000000e+00   1.1266895e+00
   0.0000000e+00  -1.3442464e-01   1.0000000e+00   1.1429161e+00
   0.0000000e+00  -1.1911334e-01   1.0000000e+00   1.1437266e+00
   0.0000000e+00  -1.0095050e-01   1.0000000e+00   1.1344246e+00
   0.0000000e+00  -8.2288450e-02   1.0000000e+00   1.1191133e+00
   0.0000000e+00  -6.4753445e-02   1.0000000e+00   1.1009505e+00
   0.0000000e+00  -4.9327307e-02   1.0000000e+00   1.0822885e+00
   0.0000000e+00  -3.6458167e-02   1.0000000e+00   1.0647534e+00
   0.0000000e+00  -2.6195143e-02   1.0000000e+00   1.0493273e+00
   0.0000000e+00  -1.8326559e-02   1.0000000e+00   1.0364582e+00
   0.0000000e+00  -1.2501663e-02   1.0000000e+00   1.0261951e+00
   0.0000000e+00  -8.3237883e-03   1.0000000e+00   1.0183266e+00
   0.0000000e+00  -5.4120659e-03   1.0000000e+00   1.0125017e+00
   0.0000000e+00  -3.4353820e-03   1.0000000e+00   1.0083238e+00
   0.0000000e+00  -2.1254780e-03   1.0000000e+00   1.0054121e+00
   0.0000000e+00  -1.2765624e-03   1.0000000e+00   1.0034354e+00
   0.0000000e+00  -7.3764018e-04   1.0000000e+00   1.0021255e+00
   0.0000000e+00  -4.0201117e-04   1.0000000e+00   1.0012766e+00
   0.0000000e+00  -1.9669022e-04   1.0000000e+00   1.0007376e+00
   0.0000000e+00  -7.3164098e-05   1.0000000e+00   1.0004020e+00
   0.0000000e+00   0.0000000e+00   1.0000000e+00   1.0001967e+00
   0.0000000e+00   0.0000000e+00   1.0000000e+00   1.0000732e+00
   0.0000000e+00   0.0000000e+00   1.0000000e+00   1.0000000e+00
   0.0000000e+00   0.0000000e+00   1.0000000e+00   1.0000000e+00
   0.0000000e+00   0.0000000e+00   1.0000000e+00   1.0000000e+00
   0.0000000e+00   0.0000000e+00   0.0000000e+00   1.0000000e+00
   0.0000000e+00   0.0000000e+00   0.0000000e+00   9.9632149e-01
   1.0000000e+00   0.0000000e+00   0.0000000e+00   9.5301753e-01
   1.0000000e+00   3.6785116e-03   0.0000000e+00   8.3204436e-01
   1.0000000e+00   4.6982472e-02   0.0000000e+00   6.4450965e-01
   1.0000000e+00   1.6795564e-01   0.0000000e+00   4.3399644e-01
   1.0000000e+00   3.5549035e-01   0.0000000e+00   2.4144173e-01
   1.0000000e+00   5.6600356e-01   0.0000000e+00   8.8855582e-02
   1.0000000e+00   7.5855827e-01   0.0000000e+00  -1.9255304e-02
   1.0000000e+00   9.1114442e-01   0.0000000e+00  -8.8236122e-02
   1.0000000e+00   1.0192553e+00   0.0000000e+00  -1.2668948e-01
   1.0000000e+00   1.0882361e+00   0.0000000e+00  -1.4291607e-01
   1.0000000e+00   1.1266895e+00   0.0000000e+00  -1.4372655e-01
   1.0000000e+00   1.1429161e+00   0.0000000e+00  -1.3442464e-01
   1.0000000e+00   1.1437266e+00   0.0000000e+00  -1.1911334e-01
   1.0000000e+00   1.1344246e+00   0.0000000e+00  -1.0095050e-01
   1.0000000e+00   1.1191133e+00   0.0000000e+00  -8.2288450e-02
   1.0000000e+00   1.1009505e+00   0.0000000e+00  -6.4753445e-02
   1.0000000e+00   1.0822885e+00   0.0000000e+00  -4.9327307e-02
   1.0000000e+00   1.0647534e+00   0.0000000e+00  -3.6458167e-02
   1.0000000e+00   1.0493273e+00   0.0000000e+00  -2.6195143e-02
   1.0000000e+00   1.0364582e+00   0.0000000e+00  -1.8326559e-02
   1.0000000e+00   1.0261951e+00   0.0000000e+00  -1.2501663e-02
   1.0000000e+00   1.0183266e+00   0.0000000e+00  -8.3237883e-03
   1.0000000e+00   1.0125017e+00   0.0000000e+00  -5.4120659e-03
   1.0000000e+00   1.0083238e+00   0.0000000e+00  -3.4353820e-03
   1.0000000e+00   1.0054121e+00   0.0000000e+00  -2.1254780e-03
   1.0000000e+00   1.0034354e+00   0.0000000e+00  -1.2765624e-03
   1.0000000e+00   1.0021255e+00   0.0000000e+00  -7.3764018e-04
   1.0000000e+00   1.0012766e+00   0.0000000e+00  -4.0201117e-04
   1.0000000e+00   1.0007376e+00   0.0000000e+00  -1.9669022e-04
   1.0000000e+00   1.0004020e+00   0.0000000e+00  -7.3164098e-05
   1.0000000e+00   1.0001967e+00   0.0000000e+00   0.0000000e+00
   1.0000000e+00   1.0000732e+00   0.0000000e+00   0.0000000e+00
   1.0000000e+00   1.0000000e+00   0.0000000e+00   0.0000000e+00
   1.0000000e+00   1.0000000e+00   0.0000000e+00   0.0000000e+00
   1.0000000e+00   1.0000000e+00   0.0000000e+00   0.0000000e+00
   1.0000000e+00   1.0000000e+00   0.0000000e+00   0.0000000e+00
   1.0000000e+00   1.0000000e+00   0.0000000e+00   0.0000000e+00
   0.0000000e+00   1.0000000e+00   0.0000000e+00   0.0000000e+00
   0.0000000e+00   9.9632149e-01   0.0000000e+00   0.0000000e+00
   0.0000000e+00   9.5301753e-01   0.0000000e+00   0.0000000e+00
   0.0000000e+00   8.3204436e-01   1.0000000e+00   0.0000000e+00
   0.0000000e+00   6.4450965e-01   1.0000000e+00   3.6785116e-03
   0.0000000e+00   4.3399644e-01   1.0000000e+00   4.6982472e-02
   0.0000000e+00   2.4144173e-01   1.0000000e+00   1.6795564e-01
   0.0000000e+00   8.8855582e-02   1.0000000e+00   3.5549035e-01
   0.0000000e+00  -1.9255304e-02   1.0000000e+00   5.6600356e-01
   0.0000000e+00  -8.8236122e-02   1.0000000e+00   7.5855827e-01
   0.0000000e+00  -1.2668948e-01   1.0000000e+00   9.1114442e-01
   0.0000000e+00  -1.4291607e-01   1.0000000e+00   1.0192553e+00
   0.0000000e+00  -1.4372655e-01   1.0000000e+00   1.0882361e+00
   0.0000000e+00  -1.3442464e-01   1.0000000e+00   1.1266895e+00
   0.0000000e+00  -1.1911334e-01   1.0000000e+00   1.1429161e+00
   0.0000000e+00  -1.0095050e-01   1.0000000e+00   1.1437266e+00
   0.0000000e+00  -8.2288450e-02   1.0000000e+00   1.1344246e+00
   0.0000000e+00  -6.4753445e-02   1.0000000e+00   1.1191133e+00
   0.0000000e+00  -4.9327307e-02   1.0000000e+00   1.1009505e+00
   0.0000000e+00  -3.6458167e-02   1.0000000e+00   1.0822885e+00
   0.0000000e+00  -2.6195143e-02   1.0000000e+00   1.0647534e+00
   0.0000000e+00  -1.8326559e-02   1.0000000e+00   1.0493273e+00
   0.0000000e+00  -1.2501663e-02   1.0000000e+00   1.0364582e+00
   0.0000000e+00  -8.3237883e-03   1.0000000e+00   1.0261951e+00
   0.0000000e+00  -5.4120659e-03   1.0000000e+00   1.0183266e+00
   0.0000000e+00  -3.4353820e-03   1.0000000e+00   1.0125017e+00
   0.0000000e+00  -2.1254780e-03   1.0000000e+00   1.0083238e+00
   0.0000000e+00  -1.2765624e-03   1.0000000e+00   1.0054121e+00
   0.0000000e+00  -7.3764018e-04   1.0000000e+00   1.0034354e+00
   0.0000000e+00  -4.0201117e-04   1.0000000e+00   1.0021255e+00
   0.0000000e+00  -1.9669022e-04   1.0000000e+00   1.0012766e+00
   0.0000000e+00  -7.3164098e-05   1.0000000e+00   1.0007376e+00
   0.0000000e+00   0.0000000e+00   1.0000000e+00   1.0004020e+00
   0.0000000e+00   0.0000000e+00   1.0000000e+00   1.0001967e+00
   0.0000000e+00   0.0000000e+00   1.0000000e+00   1.0000732e+00
   0.0000000e+00   0.0000000e+00   1.0000000e+00   1.0000000e+00
   0.0000000e+00   0.0000000e+00   1.0000000e+00   1.0000000e+00
   0.0000000e+00   0.0000000e+00   1.0000000e+00   1.0000000e+00
   0.0000000e+00   0.0000000e+00   1.0000000e+00   1.0000000e+00
   0.0000000e+00   0.0000000e+00   1.0000000e+00   1.0000000e+00
   0.0000000e+00   0.0000000e+00   0.0000000e+00   1.0000000e+00
   0.0000000e+00   0.0000000e+00   0.0000000e+00   9.9632149e-01
   0.0000000e+00   0.0000000e+00   0.0000000e+00   9.5301753e-01
   1.0000000e+00   0.0000000e+00   0.0000000e+00   8.3204436e-01
   1.0000000e+00   3.6785116e-03   0.0000000e+00   6.4450965e-01
   1.0000000e+00   4.6982472e-02   0.0000000e+00   4.3399644e-01
   1.0000000e+00   1.6795564e-01   0.0000000e+00   2.4144173e-01
   1.0000000e+00   3.5549035e-01   0.0000000e+00   8.8855582e-02
   1.0000000e+00   5.6600356e-01   0.0000000e+00  -1.9255304e-02
   1.0000000e+00   7.5855827e-01   0.0000000e+00  -8.8236122e-02
   1.0000000e+00   9.1114442e-01   0.0000000e+00  -1.2668948e-01
   1.0000000e+00   1.0192553e+00   0.0000000e+00  -1.4291607e-01
   1.0000000e+00   1.0882361e+00   0.0000000e+00  -1.4372655e-01
   1.0000000e+00   1.1266895e+00   0.0000000e+00  -1.3442464e-01
   1.0000000e+00   1.1429161e+00   0.0000000e+00  -1.1911334e-01
   1.0000000e+00   1.1437266e+00   0.0000000e+00  -1.0095050e-01
   1.0000000e+00   1.1344246e+00   0.0000000e+00  -8.2288450e-02
   1.0000000e+00   1.1191133e+00   0.0000000e+00  -6.4753445e-02
   1.0000000e+00   1.1009505e+00   0.0000000e+00  -4.9327307e-02
   1.0000000e+00   1.0822885e+00   0.0000000e+00  -3.6458167e-02
   1.0000000e+00   1.0647534e+00   0.0000000e+00  -2.6195143e-02
   1.0000000e+00   1.0493273e+00   0.0000000e+00  -1.8326559e-02
   1.0000000e+00   1.0364582e+00   0.0000000e+00  -1.2501663e-02
   1.0000000e+00   1.0261951e+00   0.0000000e+00  -8.3237883e-03
   1.0000000e+00   1.0183266e+00   0.0000000e+00  -5.4120659e-03
   1.0000000e+00   1.0125017e+00   0.0000000e+00  -3.4353820e-03
   1.0000000e+00   1.0083238e+00   0.0000000e+00  -2.1254780e-03
   1.0000000e+00   1.0054121e+00   0.0000000e+00  -1.2765624e-03
   1.0000000e+00   1.0034354e+00   0.0000000e+00  -7.3764018e-04
   1.0000000e+00   1.0021255e+00   0.0000000e+00  -4.0201117e-04
   1.0000000e+00   1.0012766e+00   0.0000000e+00  -1.9669022e-04
   1.0000000e+00   1.0007376e+00   0.0000000e+00  -7.3164098e-05
   1.0000000e+00   1.0004020e+00   0.0000000e+00   0.0000000e+00
   1.0000000e+00   1.0001967e+00   0.0000000e+00   0.0000000e+00
   1.0000000e+00   1.0000732e+00   0.0000000e+00   0.0000000e+00
   1.0000000e+00   1.0000000e+00   0.0000000e+00   0.0000000e+00
   1.0000000e+00   1.0000000e+00   0.0000000e+00   0.0000000e+00
   1.0000000e+00   1.0000000e+00   0.0000000e+00   0.0000000e+00
   0.0000000e+00   1.0000000e+00   0.0000000e+00   0.0000000e+00
   0.0000000e+00   9.9632149e-01   0.0000000e+00   0.0000000e+00
   0.0000000e+00   9.5301753e-01   0.0000000e+00   0.0000000e+00
   0.0000000e+00   8.3204436e-01   1.0000000e+00   0.0000000e+00
   0.0000000e+00   6.4450965e-01   1.0000000e+00   3.6785116e-03
   0.0000000e+00   4.3399644e-01   1.0000000e+00   4.6982472e-02
   0.0000000e+00   2.4144173e-01   1.0000000e+00   1.6795564e-01
   0.0000000e+00   8.8855582e-02   1.0000000e+00   3.5549035e-01
   0.0000000e+00  -1.9255304e-02   1.0000000e+00   5.6600356e-01
   0.0000000e+00  -8.8236122e-02   1.0000000e+00   7.5855827e-01
   0.0000000e+00  -1.2668948e-01   1.0000000e+00   9.1114442e-01
   0.0000000e+00  -1.4291607e-01   1.0000000e+00   1.0192553e+00
   0.0000000e+00  -1.4372655e-01   1.0000000e+00   1.0882361e+00
   0.0000000e+00  -1.3442464e-01   1.0000000e+00   1.1266895e+00
   0.0000000e+00  -1.1911334e-01   1.0000000e+00   1.1429161e+00
   0.0000000e+00  -1.0095050e-01   1.0000000e+00   1.1437266e+00
   0.0000000e+00  -8.2288450e-02   1.0000000e+00   1.1344246e+00
   0.0000000e+00  -6.4753445e-02   1.0000000e+00   1.1191133e+00
   0.0000000e+00  -4.9327307e-02   1.0000000e+00   1.1009505e+00
   0.0000000e+00  -3.6458167e-02   1.0000000e+00   1.0822885e+00
   0.0000000e+00  -2.6195143e-02   1.0000000e+00   1.0647534e+00
   0.0000000e+00  -1.8326559e-02   1.0000000e+00   1.0493273e+00
   0.0000000e+00  -1.2501663e-02   0.0000000e+00   1.0364582e+00
   0.0000000e+00  -8.3237883e-03   1.0000000e+00   1.0225166e+00
   0.0000000e+00  -5.4120659e-03   1.0000000e+00   9.7502260e-01
   0.0000000e+00  -3.4353820e-03   1.0000000e+00   8.9152850e-01
   0.0000000e+00  -2.1254780e-03   1.0000000e+00   8.2078907e-01
   0.0000000e+00  -1.2765624e-03   1.0000000e+00   7.9489886e-01
   0.0000000e+00  -7.3764018e-04   1.0000000e+00   8.1088067e-01
   0.0000000e+00  -4.0201117e-04   1.0000000e+00   8.4953933e-01
   0.0000000e+00  -1.9669022e-04   1.0000000e+00   8.9316568e-01
   0.0000000e+00  -7.3164098e-05   1.0000000e+00   9.3175682e-01
   0.0000000e+00   0.0000000e+00   1.0000000e+00   9.6194865e-01
   0.0000000e+00   0.0000000e+00   1.0000000e+00   9.8397010e-01
   0.0000000e+00   0.0000000e+00   1.0000000e+00   9.9926268e-01
   0.0000000e+00   0.0000000e+00   1.0000000e+00   1.0093019e+00
   0.0000000e+00   0.0000000e+00   1.0000000e+00   1.0153113e+00
   0.0000000e+00   0.0000000e+00   1.0000000e+00   1.0181628e+00
   0.0000000e+00   0.0000000e+00   1.0000000e+00   1.0186621e+00
   0.0000000e+00   0.0000000e+00   1.0000000e+00   1.0175350e+00
   0.0000000e+00   0.0000000e+00   1.0000000e+00   1.0154261e+00
   0.0000000e+00   0.0000000e+00   0.0000000e+00   1.0128691e+00
   0.0000000e+00   0.0000000e+00   1.0000000e+00   1.0065845e+00
   0.0000000e+00   0.0000000e+00   1.0000000e+00   9.6456462e-01
   0.0000000e+00   0.0000000e+00   1.0000000e+00   8.8485173e-01
   0.0000000e+00   0.0000000e+00   1.0000000e+00   8.1664316e-01
   0.0000000e+00   0.0000000e+00   1.0000000e+00   7.9239851e-01
   0.0000000e+00   0.0000000e+00   1.0000000e+00   8.0942197e-01
   0.0000000e+00   0.0000000e+00   1.0000000e+00   8.4872376e-01
   0.0000000e+00   0.0000000e+00   1.0000000e+00   8.9273803e-01
   0.0000000e+00   0.0000000e+00   1.0000000e+00   9.3155810e-01
   0.0000000e+00   0.0000000e+00   1.0000000e+00   9.6188227e-01
   0.0000000e+00   0.0000000e+00   1.0000000e+00   9.8397873e-01
   0.0000000e+00   0.0000000e+00   1.0000000e+00   9.9931305e-01
   0.0000000e+00   0.0000000e+00   1.0000000e+00   1.0093751e+00
   0.0000000e+00   0.0000000e+00   1.0000000e+00   1.0153113e+00
   0.0000000e+00   0.0000000e+00   1.0000000e+00   1.0181628e+00
   0.0000000e+00   0.0000000e+00   1.0000000e+00   1.0186621e+00
   0.0000000e+00   0.0000000e+00   1.0000000e+00   1.0175350e+00
   0.0000000e+00   0.0000000e+00   0.0000000e+00   1.0154261e+00
   0.0000000e+00   0.0000000e+00   1.0000000e+00   1.0091906e+00
   0.0000000e+00   0.0000000e+00   1.0000000e+00   9.6695906e-01
   0.0000000e+00   0.0000000e+00   1.0000000e+00   8.8689542e-01
   0.0000000e+00   0.0000000e+00   1.0000000e+00   8.1829018e-01
   0.0000000e+00   0.0000000e+00   1.0000000e+00   7.9366467e-01
   0.0000000e+00   0.0000000e+00   1.0000000e+00   8.1035701e-01
   0.0000000e+00   0.0000000e+00   1.0000000e+00   8.4939054e-01
   0.0000000e+00   0.0000000e+00   1.0000000e+00   8.9319902e-01
   0.0000000e+00   0.0000000e+00   1.0000000e+00   9.3186810e-01
   0.0000000e+00   0.0000000e+00   1.0000000e+00   9.6208556e-01
   0.0000000e+00   0.0000000e+00   1.0000000e+00   9.8410904e-01
   0.0000000e+00   0.0000000e+00   1.0000000e+00   9.9939484e-01
   0.0000000e+00   0.0000000e+00   1.0000000e+00   1.0094254e+00
   0.0000000e+00   0.0000000e+00   1.0000000e+00   1.0153845e+00
   0.0000000e+00   0.0000000e+00   1.0000000e+00   1.0181628e+00
   0.0000000e+00   0.0000000e+00   1.0000000e+00   1.0186621e+00
   0.0000000e+00   0.0000000e+00   0.0000000e+00   1.0175350e+00
   0.0000000e+00   0.0000000e+00   0.0000000e+00   1.0117476e+00
   1.0000000e+00   0.0000000e+00   0.0000000e+00   9.6588667e-01
   1.0000000e+00   3.6785116e-03   0.0000000e+00   8.4230739e-01
   1.0000000e+00   4.6982472e-02   0.0000000e+00   6.5237823e-01
   1.0000000e+00   1.6795564e-01   0.0000000e+00   4.3982134e-01
   1.0000000e+00   3.5549035e-01   0.0000000e+00   2.4561960e-01
   1.0000000e+00   5.6600356e-01   0.0000000e+00   9.1767304e-02
   1.0000000e+00   7.5855827e-01   0.0000000e+00  -1.7278620e-02
   1.0000000e+00   9.1114442e-01   0.0000000e+00  -8.6926218e-02
   1.0000000e+00   1.0192553e+00   0.0000000e+00  -1.2584057e-01
   1.0000000e+00   1.0882361e+00   0.0000000e+00  -1.4237715e-01
   1.0000000e+00   1.1266895e+00   0.0000000e+00  -1.4339092e-01
   1.0000000e+00   1.1429161e+00   0.0000000e+00  -1.3421932e-01
   1.0000000e+00   1.1437266e+00   0.0000000e+00  -1.1898981e-01
   1.0000000e+00   1.1344246e+00   0.0000000e+00  -1.0087734e-01
   1.0000000e+00   1.1191133e+00   0.0000000e+00  -8.2288450e-02
   1.0000000e+00   1.1009505e+00   0.0000000e+00  -6.4753445e-02
   1.0000000e+00   1.0822885e+00   0.0000000e+00  -4.9327307e-02
   1.0000000e+00   1.0647534e+00   0.0000000e+00  -3.6458167e-02
   1.0000000e+00   1.0493273e+00   0.0000000e+00  -2.6195143e-02
   1.0000000e+00   1.0364582e+00   0.0000000e+00  -1.8326559e-02
   1.0000000e+00   1.0261951e+00   0.0000000e+00  -1.2501663e-02
   1.0000000e+00   1.0183266e+00   0.0000000e+00  -8.3237883e-03
   1.0000000e+00   1.0125017e+00   0.0000000e+00  -5.4120659e-03
   1.0000000e+00   1.0083238e+00   0.0000000e+00  -3.4353820e-03
   1.0000000e+00   1.0054121e+00   0.0000000e+00  -2.1254780e-03
   1.0000000e+00   1.0034354e+00   0.0000000e+00  -1.2765624e-03
   1.0000000e+00   1.0021255e+00   0.0000000e+00  -7.3764018e-04
   1.0000000e+00   1.0012766e+00   0.0000000e+00  -4.0201117e-04
   1.0000000e+00   1.0007376e+00   0.0000000e+00  -1.9669022e-04
   1.0000000e+00   1.0004020e+00   0.0000000e+00  -7.3164098e-05
   1.0000000e+00   1.0001967e+00   0.0000000e+00   0.0000000e+00
   1.0000000e+00   1.0000732e+00   0.0000000e+00   0.0000000e+00
   1.0000000e+00   1.0000000e+00   0.0000000e+00   0.0000000e+00
   1.0000000e+00   1.0000000e+00   0.0000000e+00   0.0000000e+00
   1.0000000e+00   1.0000000e+00   0.0000000e+00   0.0000000e+00
   1.0000000e+00   1.0000000e+00   0.0000000e+00   0.0000000e+00
   1.0000000e+00   1.0000000e+00   0.0000000e+00   0.0000000e+00
   1.0000000e+00   1.0000000e+00   0.0000000e+00   0.0000000e+00
   1.0000000e+00   1.0000000e+00   0.0000000e+00   0.0000000e+00
   1.0000000e+00   1.0000000e+00   0.0000000e+00   0.0000000e+00
   1.0000000e+00   1.0000000e+00   0.0000000e+00   0.0000000e+00
   0.0000000e+00   1.0000000e+00   0.0000000e+00   0.0000000e+00
   0.0000000e+00   9.9632149e-01   0.0000000e+00   0.0000000e+00
   0.0000000e+00   9.5301753e-01   1.0000000e+00   0.0000000e+00
